FluorCam7 Numeric Export File
-----------------------------------
	Area 1	Area 2	Area 3	Area 4	Area 5	Area 6	Area 7	Area 8	Area 9
Size [pixels]	804	644	1035	1009	1007	1007	1253	999	536
Fo	55.24	78.25	71.59	95.26	84.80	91.07	87.66	71.69	60.56
Fo_gauss	55.24	78.25	71.59	95.26	84.80	91.07	87.66	71.69	60.56
Fo_median	42.27	62.37	56.05	75.94	69.29	74.25	72.66	57.45	45.61
Fm	459.42	576.37	530.62	674.81	635.98	690.34	640.14	527.76	463.67
Fv	404.19	498.12	459.04	579.56	551.18	599.27	552.48	456.07	403.12
Fp	488.30	597.12	565.58	699.00	669.76	713.10	682.17	566.91	490.33
Fp-median	438.18	540.02	509.76	627.92	610.60	650.38	629.76	516.41	441.29
Fp-gauss	622.17	738.87	710.81	854.44	822.97	867.49	820.40	701.57	622.98
Fp-average	540.87	655.06	623.79	763.10	730.28	775.07	733.62	617.24	543.64
Fm_L1	411.84	496.30	465.28	560.20	553.91	607.42	582.15	467.74	419.84
Fm_L2	325.69	337.41	337.68	378.40	390.96	418.33	392.37	317.24	294.50
Fm_L3	273.68	285.44	292.10	327.16	333.93	366.03	327.28	265.76	229.50
Fm_L4	235.16	243.38	256.38	290.00	294.15	330.34	282.61	230.13	196.91
Fm_Lss	225.39	225.00	246.80	269.65	272.94	316.40	265.97	209.59	179.83
Fm_D1	353.00	458.10	402.85	518.82	470.75	508.79	532.27	450.14	395.70
Fm_D2	385.03	477.06	426.74	547.68	508.71	554.56	557.16	465.37	407.81
Fm_D3	387.20	481.26	431.20	545.50	516.00	562.47	559.58	461.05	402.91
Ft_L1	406.31	508.06	470.41	579.33	563.87	611.08	581.92	468.63	423.43
Ft_L2	323.98	341.91	335.04	376.73	392.20	417.36	394.97	316.11	303.86
Ft_L3	271.76	282.62	285.24	322.99	325.02	352.07	326.79	264.57	234.92
Ft_L4	234.37	243.10	248.05	286.90	284.98	313.82	278.02	228.76	194.78
Ft_Lss	218.97	218.51	235.20	264.10	265.11	298.60	255.41	205.44	176.68
Ft_D1	68.47	92.79	82.16	114.25	100.51	106.94	102.63	88.69	73.89
Ft_D2	70.96	91.15	83.03	114.62	103.87	109.31	103.16	86.46	70.02
Ft_D3	69.60	90.31	83.61	112.32	101.80	108.99	100.49	85.91	69.13
Fo_L1	54.43	76.49	70.20	92.49	83.12	89.43	86.46	70.39	59.71
Fo_L2	52.46	71.00	66.21	85.41	77.96	83.63	80.41	65.33	56.00
Fo_L3	50.73	68.29	64.12	82.38	75.28	81.21	77.16	62.70	52.97
Fo_L4	49.17	65.39	62.12	79.76	72.93	79.27	74.26	60.35	50.88
Fo_Lss	48.65	63.77	61.44	78.00	71.50	78.39	72.98	58.69	49.55
Fo_D1	53.16	75.24	68.49	91.27	80.89	86.86	85.22	69.95	59.15
Fo_D2	53.88	75.82	69.14	92.14	81.96	88.15	85.86	70.33	59.46
Fo_D3	53.92	75.95	69.29	92.06	82.14	88.36	85.94	70.23	59.32
Fv_L1	357.41	419.81	395.08	467.71	470.79	517.99	495.69	397.34	360.12
Fv_L2	273.23	266.41	271.47	292.99	312.99	334.71	311.95	251.91	238.49
Fv_L3	222.95	217.15	227.98	244.78	258.65	284.81	250.12	203.06	176.53
Fv_L4	185.99	177.98	194.26	210.24	221.22	251.08	208.35	169.78	146.03
Fv_Lss	176.74	161.23	185.35	191.65	201.44	238.01	192.99	150.91	130.28
Fv_D1	299.84	382.86	334.36	427.55	389.86	421.93	447.05	380.20	336.55
Fv_D2	331.15	401.23	357.60	455.54	426.75	466.42	471.30	395.04	348.35
Fv_D3	333.28	405.31	361.91	453.44	433.85	474.11	473.64	390.82	343.59
Fq_L1	5.53	-11.76	-5.14	-19.13	-9.96	-3.66	0.23	-0.89	-3.59
Fq_L2	1.71	-4.51	2.64	1.66	-1.24	0.98	-2.61	1.13	-9.36
Fq_L3	1.92	2.81	6.86	4.17	8.91	13.96	0.49	1.19	-5.42
Fq_L4	0.79	0.28	8.33	3.10	9.16	16.52	4.59	1.37	2.13
Fq_Lss	6.43	6.49	11.60	5.56	7.83	17.80	10.56	4.15	3.14
Fq_D1	284.53	365.31	320.69	404.56	370.24	401.84	429.64	361.45	321.81
Fq_D2	314.08	385.91	343.71	433.05	404.84	445.26	454.00	378.92	337.80
Fq_D3	317.60	390.95	347.59	433.18	414.19	453.49	459.09	375.14	333.78
QY_max	0.88	0.86	0.86	0.86	0.87	0.87	0.86	0.86	0.87
Fv/Fm_L1	0.87	0.85	0.85	0.83	0.85	0.85	0.85	0.85	0.86
Fv/Fm_L2	0.84	0.79	0.80	0.77	0.80	0.80	0.79	0.79	0.81
Fv/Fm_L3	0.81	0.76	0.78	0.75	0.77	0.78	0.76	0.76	0.76
Fv/Fm_L4	0.79	0.73	0.75	0.72	0.75	0.76	0.73	0.73	0.74
Fv/Fm_Lss	0.78	0.71	0.74	0.71	0.73	0.75	0.72	0.72	0.72
Fv/Fm_D1	0.85	0.83	0.83	0.82	0.83	0.83	0.84	0.84	0.85
Fv/Fm_D2	0.86	0.84	0.83	0.83	0.84	0.84	0.85	0.85	0.85
Fv/Fm_D3	0.86	0.84	0.84	0.83	0.84	0.84	0.85	0.85	0.85
QY_L1	-0.00	-0.03	-0.02	-0.04	-0.03	-0.02	-0.01	-0.01	-0.02
QY_L2	-0.01	-0.03	-0.01	-0.01	-0.02	-0.01	-0.02	-0.02	-0.05
QY_L3	-0.03	-0.01	0.00	-0.01	0.00	0.02	-0.02	-0.02	-0.06
QY_L4	-0.03	-0.03	0.01	-0.01	0.01	0.03	-0.00	-0.02	-0.02
QY_Lss	-0.01	-0.00	0.02	-0.01	0.00	0.04	0.02	-0.02	-0.01
QY_D1	0.80	0.80	0.79	0.78	0.79	0.79	0.81	0.80	0.81
QY_D2	0.81	0.81	0.80	0.79	0.79	0.80	0.81	0.81	0.83
QY_D3	0.82	0.81	0.80	0.79	0.80	0.81	0.82	0.81	0.83
NPQ_L1	0.14	0.18	0.16	0.22	0.16	0.15	0.11	0.15	0.12
NPQ_L2	0.44	0.75	0.60	0.81	0.66	0.68	0.65	0.70	0.62
NPQ_L3	0.74	1.07	0.87	1.10	0.96	0.93	0.99	1.04	1.10
NPQ_L4	1.03	1.50	1.15	1.39	1.24	1.14	1.31	1.36	1.45
NPQ_Lss	1.13	1.68	1.24	1.58	1.43	1.24	1.46	1.67	1.68
NPQ_D1	0.33	0.31	0.36	0.34	0.38	0.38	0.21	0.21	0.19
NPQ_D2	0.23	0.25	0.28	0.26	0.28	0.27	0.16	0.16	0.15
NPQ_D3	0.22	0.24	0.27	0.26	0.26	0.25	0.15	0.17	0.17
qN_L1	0.11	0.15	0.13	0.19	0.14	0.13	0.10	0.12	0.10
qN_L2	0.32	0.46	0.41	0.50	0.44	0.44	0.44	0.44	0.41
qN_L3	0.45	0.57	0.51	0.58	0.54	0.53	0.55	0.56	0.57
qN_L4	0.54	0.65	0.58	0.65	0.61	0.59	0.63	0.63	0.64
qN_Lss	0.56	0.68	0.60	0.68	0.64	0.61	0.66	0.67	0.68
qN_D1	0.25	0.23	0.27	0.26	0.29	0.30	0.19	0.17	0.16
qN_D2	0.18	0.19	0.22	0.21	0.23	0.22	0.14	0.13	0.13
qN_D3	0.17	0.18	0.21	0.22	0.21	0.21	0.14	0.14	0.14
qP_L1	-0.00	-0.04	-0.03	-0.05	-0.03	-0.02	-0.01	-0.02	-0.02
qP_L2	-0.02	-0.05	-0.02	-0.02	-0.03	-0.01	-0.03	-0.03	-0.07
qP_L3	-0.04	-0.02	-0.01	-0.02	-0.00	0.03	-0.03	-0.03	-0.09
qP_L4	-0.05	-0.06	-0.01	-0.03	-0.00	0.03	-0.01	-0.04	-0.04
qP_Lss	-0.03	-0.02	0.01	-0.02	-0.00	0.04	0.01	-0.10	-0.03
qP_D1	0.95	0.96	0.96	0.95	0.95	0.95	0.96	0.95	0.96
qP_D2	0.95	0.97	0.96	0.95	0.95	0.96	0.96	0.96	0.97
qP_D3	0.95	0.97	0.96	0.96	0.96	0.96	0.97	0.96	0.97
qL_L1	-0.29	-0.42	-0.38	-0.45	-0.35	-0.29	-0.15	-0.28	-0.35
qL_L2	-0.42	-0.45	-0.30	-0.27	-0.31	-0.24	-0.29	-0.51	-0.64
qL_L3	-0.62	-0.30	-0.25	-0.26	-0.23	-0.05	-0.31	-0.44	-0.73
qL_L4	-0.66	-0.57	-0.36	-0.34	-0.26	-0.13	-0.24	-0.52	-0.62
qL_Lss	-0.57	-0.38	-0.24	-0.33	-0.26	-0.02	-0.18	-1.52	-0.62
qL_D1	1.22	1.18	1.14	1.18	1.17	1.17	1.16	1.21	1.20
qL_D2	1.25	1.16	1.15	1.18	1.20	1.18	1.17	1.20	1.15
qL_D3	1.24	1.15	1.15	1.16	1.17	1.18	1.14	1.20	1.13
Rfd_L1	0.25	0.20	0.22	0.23	0.21	0.18	0.19	0.24	0.18
Rfd_L2	0.58	0.80	0.74	0.91	0.76	0.77	0.77	0.86	0.67
Rfd_L3	0.90	1.28	1.06	1.24	1.14	1.10	1.14	1.33	1.21
Rfd_L4	1.22	1.62	1.46	1.54	1.48	1.35	1.54	1.65	1.75
Rfd_Lss	1.37	2.88	1.57	1.79	1.69	1.49	1.79	1.98	2.07
