FluorCam7 Numeric Export File
-----------------------------------
	Area 1	Area 2	Area 3	Area 4	Area 5	Area 6	Area 7	Area 8	Area 9	Area 10	Area 11	Area 12	Area 13
Size [pixels]	2010	2123	892	2156	2169	1343	1063	869	1790	2374	860	966	1108
Fo	55.55	64.22	48.87	68.63	109.55	42.03	48.01	37.28	54.99	109.45	64.32	54.45	76.15
Fo_gauss	55.55	64.22	48.87	68.63	109.55	42.03	48.01	37.28	54.99	109.45	64.32	54.45	76.15
Fo_median	41.90	50.43	36.25	54.23	90.81	30.35	35.32	25.38	41.40	92.60	50.28	40.97	59.29
Fm	465.55	522.57	424.73	562.11	826.92	364.91	399.01	337.52	457.98	845.98	502.78	479.93	627.96
Fv	410.00	458.35	375.86	493.47	717.37	322.88	351.00	300.24	402.99	736.53	438.46	425.48	551.81
Fp	491.47	543.08	443.52	594.45	852.68	392.26	430.17	355.09	483.22	880.67	535.88	503.20	651.94
Fp-median	436.85	491.57	397.88	539.99	774.93	343.15	379.90	308.51	429.58	812.41	479.11	446.24	584.65
Fp-gauss	626.72	669.12	560.99	730.57	1014.14	524.42	560.15	481.45	615.01	1036.57	676.53	648.56	799.63
Fp-average	544.61	590.48	488.72	646.09	914.28	442.87	479.14	403.96	533.80	938.66	589.58	559.30	711.12
Fm_L1	414.13	464.45	374.52	499.29	704.12	318.29	352.50	289.34	399.31	751.22	426.21	405.16	548.03
Fm_L2	302.15	312.25	285.03	359.69	451.37	220.08	227.92	207.63	267.97	537.79	286.87	300.89	399.70
Fm_L3	261.98	269.40	244.44	309.79	400.95	192.59	197.32	179.10	230.92	468.24	255.22	262.67	349.73
Fm_L4	216.20	229.65	209.66	260.47	337.33	159.81	165.98	149.15	194.01	400.76	212.62	225.39	298.65
Fm_Lss	194.27	214.11	193.40	240.14	313.54	144.93	152.44	134.02	176.35	368.63	191.34	205.43	272.26
Fm_D1	384.10	434.32	343.04	445.49	634.13	292.24	329.48	271.69	374.90	683.93	405.52	365.41	493.12
Fm_D2	394.97	453.41	358.20	467.29	674.88	303.65	342.39	279.86	387.27	715.40	425.30	385.71	512.72
Fm_D3	400.25	458.45	367.18	476.57	689.11	303.95	343.71	281.23	392.30	725.76	428.43	391.28	518.76
Ft_L1	399.51	439.45	358.23	493.18	701.26	310.64	347.32	280.09	384.95	738.83	431.77	403.02	542.03
Ft_L2	297.90	310.09	284.32	353.13	449.70	216.80	228.85	209.93	265.92	532.96	282.08	289.14	393.54
Ft_L3	253.20	258.94	232.72	300.62	381.02	188.95	194.85	175.63	219.99	452.01	246.06	250.86	331.96
Ft_L4	208.63	212.26	182.98	249.40	317.39	156.03	163.17	141.44	181.17	371.68	203.45	213.71	282.89
Ft_Lss	180.45	190.99	157.11	224.44	287.66	136.40	140.32	123.83	161.32	331.55	183.96	191.64	256.24
Ft_D1	64.47	75.48	57.36	79.76	124.84	50.84	59.24	47.52	63.33	130.24	76.85	67.82	88.27
Ft_D2	71.07	78.16	62.97	86.22	131.01	50.95	58.63	46.40	67.72	138.47	76.13	68.73	95.07
Ft_D3	70.08	77.05	63.37	85.54	128.80	51.22	57.57	46.23	65.38	134.74	76.72	69.17	92.67
Fo_L1	54.69	63.21	48.08	67.56	107.01	41.24	47.20	36.53	53.97	107.65	62.77	53.24	74.77
Fo_L2	51.95	58.99	46.06	63.98	98.31	38.73	43.65	34.57	50.35	101.59	58.35	50.75	70.93
Fo_L3	50.54	57.15	44.72	62.12	95.62	37.64	42.26	33.53	48.73	98.75	56.77	49.42	69.05
Fo_L4	48.36	55.00	43.31	59.71	91.34	36.01	40.43	32.13	46.68	95.21	54.18	47.79	66.65
Fo_Lss	47.02	53.96	42.48	58.46	89.38	34.97	39.42	31.22	45.46	93.24	52.60	46.75	65.20
Fo_D1	54.08	62.59	47.48	66.40	105.14	40.72	46.72	36.18	53.46	106.09	62.29	52.42	73.56
Fo_D2	54.31	62.99	47.78	66.88	106.24	40.99	47.03	36.34	53.71	106.87	62.78	52.89	74.04
Fo_D3	54.42	63.09	47.93	67.09	106.62	40.98	47.02	36.36	53.82	107.09	62.82	52.99	74.14
Fv_L1	359.44	401.24	326.44	431.74	597.10	277.05	305.30	252.81	345.33	643.57	363.44	351.92	473.26
Fv_L2	250.20	253.26	238.97	295.71	353.05	181.35	184.27	173.06	217.63	436.20	228.52	250.14	328.77
Fv_L3	211.44	212.25	199.72	247.67	305.33	154.95	155.06	145.58	182.19	369.49	198.44	213.25	280.68
Fv_L4	167.84	174.65	166.36	200.76	245.99	123.80	125.55	117.02	147.33	305.55	158.44	177.60	232.00
Fv_Lss	147.25	160.14	150.93	181.68	224.16	109.96	113.02	102.81	130.89	275.39	138.74	158.68	207.07
Fv_D1	330.02	371.73	295.56	379.09	528.99	251.52	282.76	235.51	321.43	577.84	343.23	312.99	419.55
Fv_D2	340.66	390.42	310.43	400.41	568.64	262.66	295.36	243.53	333.56	608.54	362.53	332.83	438.68
Fv_D3	345.83	395.36	319.26	409.48	582.49	262.97	296.69	244.87	338.48	618.67	365.61	338.28	444.63
Fq_L1	14.62	24.99	16.30	6.11	2.86	7.65	5.18	9.25	14.35	12.39	-5.56	2.14	5.99
Fq_L2	4.25	2.16	0.71	6.57	1.66	3.28	-0.93	-2.30	2.06	4.83	4.79	11.75	6.16
Fq_L3	8.79	10.46	11.72	9.17	19.93	3.64	2.46	3.48	10.94	16.23	9.15	11.81	17.77
Fq_L4	7.57	17.39	26.68	11.07	19.94	3.78	2.81	7.71	12.84	29.09	9.17	11.69	15.76
Fq_Lss	13.82	23.12	36.29	15.70	25.88	8.53	12.12	10.19	15.03	37.08	7.38	13.80	16.02
Fq_D1	319.63	358.84	285.68	365.74	509.29	241.40	270.24	224.17	311.56	553.69	328.68	297.59	404.85
Fq_D2	323.90	375.25	295.23	381.06	543.87	252.70	283.76	233.46	319.55	576.93	349.17	316.98	417.65
Fq_D3	330.17	381.40	303.81	391.03	560.31	252.73	286.14	235.00	326.91	591.02	351.70	322.11	426.09
QY_max	0.88	0.88	0.88	0.88	0.87	0.88	0.88	0.89	0.88	0.87	0.87	0.89	0.88
Fv/Fm_L1	0.87	0.86	0.87	0.86	0.85	0.87	0.86	0.87	0.86	0.86	0.85	0.87	0.86
Fv/Fm_L2	0.83	0.81	0.84	0.82	0.78	0.82	0.80	0.83	0.81	0.81	0.79	0.83	0.82
Fv/Fm_L3	0.80	0.79	0.81	0.80	0.76	0.80	0.78	0.81	0.79	0.79	0.77	0.81	0.80
Fv/Fm_L4	0.77	0.76	0.79	0.77	0.73	0.77	0.75	0.77	0.75	0.76	0.74	0.78	0.77
Fv/Fm_Lss	0.75	0.74	0.78	0.75	0.71	0.75	0.73	0.75	0.74	0.75	0.72	0.77	0.76
Fv/Fm_D1	0.86	0.86	0.86	0.85	0.83	0.86	0.86	0.86	0.86	0.85	0.85	0.85	0.85
Fv/Fm_D2	0.86	0.86	0.87	0.86	0.84	0.86	0.86	0.87	0.86	0.85	0.85	0.86	0.86
Fv/Fm_D3	0.86	0.86	0.87	0.86	0.84	0.86	0.86	0.87	0.86	0.85	0.85	0.86	0.86
QY_L1	0.02	0.04	0.03	0.00	-0.00	-0.00	-0.00	0.01	0.02	0.01	-0.03	-0.01	0.00
QY_L2	-0.01	-0.01	-0.01	0.00	-0.01	-0.03	-0.04	-0.05	-0.02	-0.00	-0.01	0.02	0.00
QY_L3	0.01	0.02	0.02	0.01	0.03	-0.04	-0.03	-0.02	0.01	0.02	0.00	0.02	0.03
QY_L4	0.01	0.06	0.10	0.02	0.04	-0.03	-0.04	-0.00	0.03	0.06	0.01	0.02	0.03
QY_Lss	0.04	0.09	0.16	0.04	0.06	-0.01	0.03	0.01	0.05	0.09	0.01	0.03	0.03
QY_D1	0.83	0.82	0.83	0.82	0.80	0.82	0.82	0.82	0.83	0.81	0.81	0.81	0.82
QY_D2	0.82	0.83	0.82	0.82	0.81	0.83	0.83	0.83	0.83	0.81	0.82	0.82	0.81
QY_D3	0.82	0.83	0.83	0.82	0.81	0.83	0.83	0.83	0.83	0.82	0.82	0.82	0.82
NPQ_L1	0.14	0.14	0.15	0.14	0.19	0.18	0.16	0.20	0.17	0.13	0.20	0.21	0.16
NPQ_L2	0.58	0.70	0.51	0.58	0.86	0.74	0.82	0.69	0.76	0.60	0.79	0.64	0.60
NPQ_L3	0.83	0.98	0.78	0.85	1.11	1.00	1.12	0.98	1.06	0.84	1.04	0.88	0.83
NPQ_L4	1.24	1.33	1.08	1.21	1.52	1.43	1.57	1.43	1.47	1.16	1.46	1.20	1.16
NPQ_Lss	1.51	1.51	1.26	1.41	1.76	1.73	1.79	1.72	1.74	1.35	1.75	1.43	1.38
NPQ_D1	0.24	0.22	0.26	0.28	0.35	0.30	0.25	0.29	0.24	0.25	0.27	0.34	0.30
NPQ_D2	0.21	0.16	0.20	0.22	0.27	0.25	0.20	0.25	0.20	0.20	0.21	0.27	0.24
NPQ_D3	0.19	0.15	0.17	0.19	0.24	0.24	0.20	0.25	0.19	0.18	0.20	0.25	0.23
qN_L1	0.12	0.12	0.12	0.12	0.17	0.13	0.12	0.14	0.13	0.12	0.16	0.16	0.13
qN_L2	0.39	0.44	0.36	0.40	0.51	0.43	0.47	0.42	0.46	0.41	0.48	0.41	0.40
qN_L3	0.49	0.54	0.47	0.50	0.58	0.52	0.56	0.51	0.55	0.50	0.55	0.50	0.49
qN_L4	0.59	0.62	0.56	0.59	0.66	0.62	0.64	0.61	0.64	0.59	0.64	0.58	0.58
qN_Lss	0.64	0.65	0.60	0.63	0.70	0.66	0.68	0.66	0.68	0.63	0.69	0.63	0.63
qN_D1	0.19	0.18	0.21	0.23	0.27	0.21	0.19	0.20	0.19	0.21	0.21	0.26	0.24
qN_D2	0.16	0.14	0.17	0.18	0.21	0.17	0.15	0.18	0.16	0.17	0.17	0.21	0.20
qN_D3	0.15	0.13	0.14	0.16	0.20	0.18	0.14	0.17	0.15	0.16	0.16	0.19	0.19
qP_L1	0.02	0.05	0.04	0.00	-0.01	-0.01	-0.01	0.00	0.03	0.01	-0.04	-0.02	0.00
qP_L2	-0.02	-0.01	-0.02	0.00	-0.02	-0.05	-0.06	-0.06	-0.03	-0.00	-0.01	0.01	-0.00
qP_L3	0.01	0.02	0.02	0.01	0.04	-0.07	-0.06	-0.04	0.01	0.03	-0.00	0.01	0.03
qP_L4	-0.00	0.07	0.12	0.02	0.05	-0.07	-0.07	-0.03	0.03	0.07	0.00	0.01	0.03
qP_Lss	0.03	0.11	0.20	0.04	0.07	-0.06	0.01	-0.03	0.05	0.11	-0.01	0.03	0.04
qP_D1	0.97	0.97	0.97	0.97	0.97	0.96	0.96	0.95	0.97	0.96	0.96	0.95	0.97
qP_D2	0.95	0.96	0.95	0.95	0.96	0.96	0.96	0.96	0.96	0.95	0.96	0.95	0.95
qP_D3	0.96	0.97	0.95	0.95	0.96	0.96	0.96	0.96	0.97	0.96	0.96	0.95	0.96
qL_L1	-0.01	0.22	0.08	-0.16	-0.15	-0.48	-0.37	-0.47	-0.03	-0.03	-0.46	-0.37	-0.15
qL_L2	-0.38	-0.26	-0.43	-0.20	-0.26	-0.85	-0.78	-1.04	-0.51	-0.14	-0.41	-0.26	-0.19
qL_L3	-0.24	-0.14	-0.20	-0.22	-0.02	-1.03	-0.78	-0.93	-0.37	-0.02	-0.45	-0.30	-0.04
qL_L4	-0.40	-0.03	0.12	-0.20	-0.03	-1.00	-1.00	-0.85	-0.34	0.14	-0.44	-0.30	-0.08
qL_Lss	-0.28	0.07	0.36	-0.11	-0.04	-1.15	-0.66	-0.98	-0.29	0.25	-0.51	-0.33	-0.13
qL_D1	1.16	1.17	1.19	1.16	1.13	1.21	1.22	1.29	1.15	1.18	1.18	1.24	1.15
qL_D2	1.25	1.20	1.28	1.23	1.17	1.23	1.21	1.27	1.22	1.23	1.17	1.26	1.23
qL_D3	1.24	1.19	1.29	1.22	1.16	1.23	1.21	1.27	1.19	1.20	1.17	1.26	1.19
Rfd_L1	0.27	0.26	0.27	0.23	0.24	0.32	0.29	0.33	0.30	0.21	0.30	0.28	0.23
Rfd_L2	0.72	0.81	0.62	0.73	0.94	0.95	1.04	0.83	0.90	0.70	1.00	0.82	0.71
Rfd_L3	1.05	1.20	1.00	1.06	1.44	1.28	1.69	1.25	1.40	1.01	1.35	1.11	1.11
Rfd_L4	1.60	1.76	1.65	1.52	1.85	2.02	2.16	2.02	1.99	1.78	1.89	1.53	1.43
Rfd_Lss	2.20	2.08	2.31	1.81	2.23	2.38	2.72	2.53	2.52	1.80	2.24	1.85	1.82
