FluorCam7 Numeric Export File
-----------------------------------
	Area 1	Area 2	Area 3	Area 4	Area 5	Area 6	Area 7	Area 8	Area 9
Size [pixels]	2587	3068	2323	1159	3028	1507	800	790	897
Fo	59.34	56.41	102.87	55.77	82.72	83.99	131.48	109.95	52.10
Fo_gauss	59.34	56.41	102.87	55.77	82.72	83.99	131.48	109.95	52.10
Fo_median	46.24	43.13	84.67	42.11	67.07	68.21	114.38	90.52	39.68
Fm	498.21	471.03	778.37	470.38	662.27	655.19	980.14	815.02	453.85
Fv	438.87	414.62	675.51	414.61	579.55	571.20	848.67	705.07	401.75
Fp	531.25	495.44	809.09	495.41	682.76	678.03	1006.94	830.28	474.63
Fp-median	477.37	445.54	732.47	440.86	620.72	616.02	941.08	753.28	428.27
Fp-gauss	669.50	626.17	968.96	638.60	832.63	821.21	1172.70	992.99	599.97
Fp-average	582.99	544.50	870.44	551.85	739.47	731.37	1070.34	897.89	521.09
Fm_L1	436.07	420.27	685.44	400.12	570.20	572.73	864.42	705.21	402.34
Fm_L2	319.23	294.56	458.64	281.11	392.44	405.91	608.76	478.54	299.03
Fm_L3	278.04	251.69	398.69	241.11	334.70	343.38	528.27	404.54	252.80
Fm_L4	236.51	214.19	341.98	207.64	286.31	293.02	459.44	350.25	207.94
Fm_Lss	219.67	193.17	312.35	189.04	263.91	263.23	419.63	322.48	192.11
Fm_D1	384.39	387.02	616.32	365.30	500.52	514.03	805.69	637.53	365.91
Fm_D2	406.81	398.90	647.54	379.45	524.78	535.89	827.19	666.11	384.05
Fm_D3	415.00	402.43	657.15	380.40	528.19	540.72	837.68	670.70	386.51
Ft_L1	434.04	404.28	679.57	403.73	568.26	572.79	846.81	696.00	389.10
Ft_L2	312.40	292.42	457.48	278.08	390.77	403.64	609.78	470.83	299.36
Ft_L3	264.82	248.21	386.91	230.99	318.31	329.59	513.69	388.12	246.19
Ft_L4	224.01	204.79	320.16	201.37	274.19	281.13	427.01	329.60	202.62
Ft_Lss	205.91	181.89	293.90	186.61	251.17	250.14	388.90	303.34	176.23
Ft_D1	72.77	69.03	122.30	66.73	96.88	98.69	155.59	128.84	62.72
Ft_D2	75.03	68.86	124.22	66.79	99.68	97.96	160.19	132.66	63.78
Ft_D3	74.79	67.22	119.65	67.84	96.35	96.75	160.09	129.55	65.93
Fo_L1	58.30	55.57	101.01	54.57	81.01	82.43	129.12	107.64	51.31
Fo_L2	55.37	52.30	93.84	51.29	75.87	77.49	121.13	100.16	48.94
Fo_L3	53.87	50.62	90.93	49.62	73.35	74.76	117.53	96.39	47.42
Fo_L4	51.96	48.75	87.43	47.87	70.56	71.89	113.60	92.83	45.38
Fo_Lss	50.99	47.44	85.26	46.68	69.02	69.75	110.94	90.68	44.46
Fo_D1	57.19	54.88	99.32	53.79	79.39	80.95	127.68	105.85	50.60
Fo_D2	57.70	55.12	100.11	54.10	79.98	81.53	128.22	106.61	50.98
Fo_D3	57.89	55.20	100.35	54.11	80.06	81.65	128.47	106.77	51.02
Fv_L1	377.77	364.70	584.43	345.55	489.19	490.30	735.30	597.57	351.03
Fv_L2	263.86	242.26	364.80	229.82	316.57	328.42	487.63	378.38	250.09
Fv_L3	224.18	201.07	307.76	191.48	261.34	268.62	410.74	308.14	205.38
Fv_L4	184.55	165.44	254.54	159.78	215.75	221.13	345.84	257.42	162.56
Fv_Lss	168.68	145.73	227.09	142.37	194.89	193.48	308.68	231.80	147.65
Fv_D1	327.20	332.14	517.00	311.52	421.13	433.07	678.02	531.68	315.32
Fv_D2	349.10	343.78	547.43	325.36	444.80	454.36	698.97	559.50	333.07
Fv_D3	357.11	347.23	556.79	326.29	448.13	459.07	709.21	563.93	335.49
Fq_L1	2.04	15.98	5.88	-3.61	1.94	-0.06	17.61	9.21	13.24
Fq_L2	6.83	2.15	1.17	3.04	1.67	2.27	-1.03	7.71	-0.33
Fq_L3	13.22	3.49	11.77	10.12	16.39	13.79	14.58	16.42	6.61
Fq_L4	12.50	9.40	21.82	6.27	12.12	11.89	32.43	20.65	5.32
Fq_Lss	13.75	11.28	18.45	2.43	12.74	13.09	30.73	19.13	15.88
Fq_D1	311.62	317.99	494.01	298.57	403.64	415.33	650.10	508.69	303.19
Fq_D2	331.78	330.05	523.32	312.67	425.10	437.93	667.00	533.44	320.26
Fq_D3	340.21	335.21	537.50	312.56	431.84	443.97	677.59	541.15	320.58
QY_max	0.88	0.88	0.87	0.88	0.87	0.87	0.87	0.86	0.88
Fv/Fm_L1	0.87	0.87	0.85	0.86	0.86	0.86	0.85	0.85	0.87
Fv/Fm_L2	0.82	0.82	0.80	0.82	0.80	0.81	0.80	0.79	0.83
Fv/Fm_L3	0.80	0.80	0.77	0.79	0.78	0.78	0.78	0.76	0.81
Fv/Fm_L4	0.78	0.77	0.75	0.77	0.75	0.75	0.75	0.73	0.78
Fv/Fm_Lss	0.76	0.75	0.73	0.75	0.73	0.73	0.73	0.71	0.76
Fv/Fm_D1	0.85	0.86	0.84	0.85	0.84	0.84	0.84	0.83	0.86
Fv/Fm_D2	0.86	0.86	0.85	0.86	0.85	0.85	0.84	0.84	0.87
Fv/Fm_D3	0.86	0.86	0.85	0.86	0.85	0.85	0.85	0.84	0.87
QY_L1	-0.01	0.03	0.00	-0.02	-0.01	-0.01	0.02	0.01	0.02
QY_L2	-0.00	-0.01	-0.01	-0.02	-0.01	-0.01	-0.01	0.01	-0.02
QY_L3	0.02	-0.01	0.01	0.01	0.03	0.02	0.02	0.03	0.00
QY_L4	0.02	0.01	0.04	-0.01	0.02	0.02	0.06	0.04	-0.01
QY_Lss	0.02	0.02	0.03	-0.04	0.02	0.03	0.06	0.04	0.05
QY_D1	0.81	0.82	0.80	0.82	0.81	0.81	0.81	0.80	0.83
QY_D2	0.81	0.83	0.81	0.82	0.81	0.82	0.81	0.80	0.83
QY_D3	0.82	0.83	0.82	0.82	0.82	0.82	0.81	0.81	0.83
NPQ_L1	0.16	0.14	0.15	0.20	0.18	0.16	0.14	0.17	0.15
NPQ_L2	0.59	0.64	0.71	0.71	0.72	0.63	0.62	0.73	0.55
NPQ_L3	0.84	0.93	0.98	1.02	1.03	0.94	0.87	1.05	0.84
NPQ_L4	1.18	1.28	1.33	1.35	1.40	1.30	1.16	1.39	1.27
NPQ_Lss	1.37	1.56	1.57	1.60	1.62	1.59	1.37	1.61	1.48
NPQ_D1	0.32	0.25	0.30	0.32	0.36	0.32	0.23	0.31	0.27
NPQ_D2	0.25	0.21	0.23	0.27	0.30	0.26	0.19	0.26	0.20
NPQ_D3	0.22	0.19	0.21	0.27	0.29	0.25	0.18	0.24	0.20
qN_L1	0.13	0.11	0.13	0.15	0.15	0.14	0.13	0.15	0.12
qN_L2	0.39	0.41	0.45	0.44	0.46	0.42	0.43	0.47	0.38
qN_L3	0.49	0.51	0.54	0.53	0.55	0.53	0.52	0.57	0.49
qN_L4	0.58	0.60	0.62	0.61	0.63	0.61	0.60	0.64	0.60
qN_Lss	0.62	0.65	0.67	0.65	0.67	0.66	0.64	0.68	0.64
qN_D1	0.25	0.20	0.24	0.24	0.28	0.24	0.20	0.25	0.21
qN_D2	0.20	0.17	0.19	0.20	0.23	0.20	0.17	0.21	0.17
qN_D3	0.18	0.16	0.18	0.20	0.23	0.20	0.16	0.21	0.16
qP_L1	-0.01	0.03	-0.00	-0.03	-0.01	-0.01	0.02	0.01	0.02
qP_L2	-0.01	-0.02	-0.01	-0.03	-0.02	-0.01	-0.01	0.01	-0.03
qP_L3	0.02	-0.02	0.01	-0.00	0.04	0.02	0.02	0.04	-0.00
qP_L4	0.02	0.00	0.05	-0.03	-0.01	0.02	0.07	0.05	-0.03
qP_Lss	0.02	0.01	0.03	-0.07	0.02	0.02	0.08	0.04	0.05
qP_D1	0.95	0.96	0.96	0.96	0.96	0.96	0.96	0.96	0.96
qP_D2	0.95	0.96	0.96	0.96	0.96	0.97	0.95	0.95	0.96
qP_D3	0.95	0.97	0.97	0.96	0.97	0.97	0.96	0.96	0.96
qL_L1	-0.34	0.02	-0.13	-0.46	-0.19	-0.18	0.06	-0.05	-0.05
qL_L2	-0.28	-0.44	-0.23	-0.48	-0.28	-0.24	-0.14	-0.08	-0.46
qL_L3	-0.18	-0.44	-0.16	-0.49	-0.04	-0.13	0.01	0.01	-0.29
qL_L4	-0.25	-0.41	-0.04	-0.68	-0.58	-0.17	0.18	0.05	-0.59
qL_Lss	-0.33	-0.42	-0.21	-0.90	-0.20	-0.23	0.20	-0.05	-0.25
qL_D1	1.21	1.21	1.17	1.19	1.16	1.17	1.17	1.15	1.19
qL_D2	1.24	1.21	1.19	1.21	1.18	1.16	1.19	1.18	1.20
qL_D3	1.24	1.19	1.16	1.22	1.15	1.14	1.20	1.16	1.23
Rfd_L1	0.26	0.27	0.22	0.26	0.22	0.22	0.20	0.23	0.25
Rfd_L2	0.76	0.77	0.83	0.91	0.80	0.72	0.67	0.83	0.64
Rfd_L3	1.10	1.12	1.18	1.29	1.24	1.23	0.99	1.23	1.01
Rfd_L4	1.54	1.65	1.66	1.69	1.66	1.54	1.41	1.67	1.49
Rfd_Lss	1.90	2.05	1.95	1.93	1.94	1.93	1.65	2.01	1.99
