FluorCam7 Numeric Export File
-----------------------------------
	Area 1	Area 2	Area 3	Area 4	Area 5	Area 6	Area 7	Area 8	Area 9	Area 10	Area 11	Area 12	Area 13	Area 14	Area 15	Area 16
Size [pixels]	3382	1261	1418	2859	2672	677	648	475	1213	713	560	671	895	526	228	777
Fo	66.94	73.39	98.96	91.61	124.22	98.32	131.90	124.15	68.47	79.11	119.41	47.06	43.35	53.34	57.62	87.99
Fo_gauss	66.94	73.39	98.96	91.61	124.22	98.32	131.90	124.15	68.47	79.11	119.41	47.06	43.35	53.34	57.62	87.99
Fo_median	54.17	60.20	83.78	77.01	109.04	83.53	116.65	109.39	55.26	64.50	104.52	34.58	32.17	40.86	44.91	74.60
Fm	559.61	614.34	754.97	706.14	916.71	760.04	932.88	898.49	551.30	635.34	907.96	414.76	379.13	445.67	493.75	696.41
Fv	492.67	540.95	656.01	614.53	792.50	661.71	800.98	774.33	482.83	556.23	788.54	367.70	335.78	392.32	436.14	608.43
Fp	580.94	647.11	783.77	741.11	961.30	800.13	959.71	923.32	591.74	677.72	938.58	442.17	417.45	477.57	515.80	722.68
Fp-median	534.03	593.57	729.70	687.10	898.41	740.65	901.00	867.01	539.61	625.17	879.17	387.49	368.44	424.61	459.69	670.79
Fp-gauss	705.32	788.75	922.67	879.64	1126.79	950.47	1116.10	1078.72	729.90	815.82	1095.27	584.68	553.48	620.92	657.56	862.92
Fp-average	624.38	698.97	832.94	790.53	1019.75	854.05	1015.49	979.82	639.93	725.56	994.44	491.86	467.41	528.41	568.29	773.26
Fm_L1	508.39	558.05	684.66	638.38	832.41	685.54	809.72	789.61	488.57	573.04	829.57	342.92	334.90	372.82	417.74	634.96
Fm_L2	387.06	437.34	490.98	455.69	550.14	476.60	514.20	531.25	340.75	441.18	580.70	242.38	261.04	266.28	288.53	493.06
Fm_L3	307.45	366.99	408.82	370.83	478.42	418.05	460.99	452.26	284.77	368.11	490.85	210.90	218.81	231.60	250.61	411.26
Fm_L4	264.55	321.55	358.37	317.68	427.25	370.11	411.47	408.21	248.91	321.99	433.26	190.36	188.27	204.84	221.33	350.43
Fm_Lss	250.06	300.51	341.50	295.91	407.14	347.17	384.94	377.03	234.79	302.52	409.21	176.94	177.35	194.37	205.09	329.55
Fm_D1	439.39	478.65	578.97	555.15	718.47	593.34	701.71	687.51	420.06	515.46	694.17	281.30	294.65	352.26	363.71	539.04
Fm_D2	478.66	514.79	637.37	596.68	777.01	654.01	779.20	745.73	452.78	542.79	755.66	307.17	316.90	372.70	405.35	590.86
Fm_D3	490.42	523.00	650.34	602.09	789.66	667.36	796.06	750.29	459.04	552.87	773.92	314.37	317.24	377.14	415.83	598.69
Ft_L1	483.30	546.88	668.23	622.21	819.46	672.54	799.77	791.92	488.81	571.60	800.05	340.16	329.71	377.05	415.32	610.39
Ft_L2	380.47	429.76	479.68	450.53	558.34	482.23	510.28	532.13	333.83	431.87	581.17	237.51	256.03	258.16	275.91	484.66
Ft_L3	294.48	341.80	384.16	356.50	461.31	391.99	438.81	434.08	272.04	347.88	465.89	197.85	202.04	219.85	233.77	393.76
Ft_L4	245.03	298.47	332.20	306.16	400.74	344.55	385.08	388.93	241.49	304.97	394.80	175.27	183.31	191.65	196.20	333.09
Ft_Lss	221.11	277.02	310.35	280.21	370.95	321.99	355.13	357.87	223.34	279.20	370.50	160.95	171.57	180.24	194.55	313.39
Ft_D1	77.06	87.25	112.06	105.44	141.49	118.01	151.21	145.71	79.60	93.85	136.63	55.62	50.58	67.91	68.28	102.17
Ft_D2	84.46	92.29	115.42	110.08	146.87	124.62	155.15	145.32	80.01	98.00	142.72	57.67	50.79	67.29	66.25	108.46
Ft_D3	82.51	91.11	116.40	111.69	147.13	125.64	157.37	146.68	78.49	99.31	145.54	55.37	51.89	64.71	71.42	110.07
Fo_L1	66.12	72.47	97.60	90.32	122.51	96.95	129.06	121.80	67.35	78.02	117.92	45.85	42.63	52.02	56.36	86.91
Fo_L2	63.38	69.85	92.24	85.29	113.65	90.99	117.95	113.13	63.31	74.77	110.97	43.16	40.97	49.05	52.87	83.48
Fo_L3	60.67	67.66	88.77	81.67	110.18	88.49	114.89	108.94	60.94	72.23	107.11	41.81	39.57	47.65	51.24	80.67
Fo_L4	58.67	65.85	86.03	78.64	107.11	86.03	111.45	106.05	58.97	70.15	103.98	40.91	38.36	46.17	49.82	77.84
Fo_Lss	57.88	64.84	84.94	77.10	105.77	84.66	109.35	103.81	58.04	69.09	102.52	40.07	37.82	45.60	48.92	76.81
Fo_D1	64.72	70.87	95.00	88.31	119.61	94.70	125.89	119.03	65.75	76.75	114.62	44.24	41.83	51.58	55.14	84.75
Fo_D2	65.55	71.64	96.52	89.35	121.19	96.22	128.21	120.68	66.53	77.39	116.25	44.99	42.30	52.04	56.13	85.97
Fo_D3	65.77	71.82	96.83	89.48	121.48	96.49	128.71	120.84	66.64	77.57	116.67	45.19	42.29	52.10	56.36	86.15
Fv_L1	442.27	485.58	587.05	548.06	709.90	588.59	680.66	667.81	421.22	495.02	711.65	297.06	292.27	320.80	361.38	548.05
Fv_L2	323.68	367.49	398.74	370.40	436.49	385.61	396.25	418.11	277.44	366.41	469.73	199.23	220.07	217.24	235.66	409.58
Fv_L3	246.78	299.33	320.06	289.16	368.24	329.56	346.09	343.32	223.83	295.88	383.74	169.09	179.24	183.95	199.37	330.59
Fv_L4	205.88	255.70	272.34	239.04	320.14	284.08	300.02	302.16	189.94	251.84	329.27	149.45	149.91	158.67	171.51	272.59
Fv_Lss	192.18	235.66	256.55	218.80	301.37	262.51	275.60	273.22	176.74	233.43	306.69	136.87	139.53	148.77	156.16	252.74
Fv_D1	374.67	407.78	483.98	466.84	598.87	498.65	575.82	568.48	354.31	438.71	579.55	237.06	252.82	300.68	308.57	454.29
Fv_D2	413.11	443.14	540.85	507.33	655.82	557.79	650.99	625.05	386.25	465.41	639.41	262.18	274.60	320.66	349.22	504.89
Fv_D3	424.65	451.18	553.52	512.61	668.17	570.87	667.35	629.45	392.40	475.29	657.24	269.17	274.95	325.03	359.47	512.54
Fq_L1	25.09	11.17	16.42	16.17	12.95	13.00	9.96	-2.31	-0.24	1.44	29.52	2.76	5.19	-4.23	2.42	24.57
Fq_L2	6.59	7.58	11.30	5.16	-8.20	-5.63	3.92	-0.88	6.92	9.31	-0.47	4.87	5.01	8.13	12.63	8.40
Fq_L3	12.97	25.19	24.66	14.33	17.11	26.06	22.17	18.18	12.73	20.22	24.96	13.05	16.77	11.74	16.85	17.50
Fq_L4	19.52	23.09	26.17	11.53	26.51	25.56	26.38	19.29	7.42	17.01	38.46	15.09	4.95	13.20	25.13	17.35
Fq_Lss	28.95	23.49	31.15	15.69	36.19	25.18	29.81	19.15	11.44	23.32	38.71	15.99	5.79	14.14	10.53	16.16
Fq_D1	362.33	391.40	466.91	449.71	576.99	475.33	550.50	541.80	340.45	421.61	557.54	225.68	244.07	284.35	295.43	436.87
Fq_D2	394.20	422.50	521.94	486.60	630.14	529.39	624.05	600.42	372.77	444.79	612.94	249.51	266.10	305.41	339.10	482.40
Fq_D3	407.91	431.88	533.94	490.41	642.52	541.72	638.69	603.60	380.55	453.55	628.38	259.00	265.35	312.43	344.40	488.62
QY_max	0.88	0.88	0.87	0.87	0.86	0.87	0.86	0.86	0.87	0.87	0.87	0.88	0.88	0.88	0.88	0.87
Fv/Fm_L1	0.87	0.87	0.86	0.86	0.85	0.86	0.84	0.85	0.86	0.86	0.86	0.86	0.87	0.86	0.86	0.86
Fv/Fm_L2	0.83	0.84	0.81	0.81	0.79	0.81	0.77	0.79	0.81	0.83	0.81	0.82	0.84	0.81	0.81	0.83
Fv/Fm_L3	0.80	0.81	0.78	0.78	0.77	0.79	0.75	0.76	0.78	0.80	0.78	0.79	0.81	0.79	0.79	0.80
Fv/Fm_L4	0.78	0.79	0.76	0.75	0.75	0.77	0.73	0.74	0.76	0.78	0.76	0.78	0.79	0.77	0.77	0.78
Fv/Fm_Lss	0.77	0.78	0.75	0.74	0.74	0.76	0.71	0.72	0.75	0.77	0.75	0.76	0.78	0.76	0.76	0.76
Fv/Fm_D1	0.85	0.85	0.84	0.84	0.83	0.84	0.82	0.83	0.84	0.85	0.83	0.84	0.85	0.85	0.85	0.84
Fv/Fm_D2	0.86	0.86	0.85	0.85	0.84	0.85	0.83	0.84	0.85	0.86	0.85	0.85	0.86	0.86	0.86	0.85
Fv/Fm_D3	0.87	0.86	0.85	0.85	0.85	0.86	0.84	0.84	0.85	0.86	0.85	0.85	0.86	0.86	0.86	0.86
QY_L1	0.04	0.01	0.02	0.02	0.01	0.01	0.01	-0.01	-0.01	-0.01	0.03	-0.02	-0.01	-0.04	-0.01	0.03
QY_L2	0.01	0.01	0.02	0.00	-0.02	-0.02	-0.00	-0.01	0.00	0.01	-0.01	-0.02	-0.02	0.00	0.02	0.01
QY_L3	0.03	0.05	0.05	0.03	0.03	0.05	0.04	0.03	0.02	0.04	0.04	-0.00	0.04	0.02	0.04	0.03
QY_L4	0.06	0.05	0.06	0.02	0.05	0.05	0.05	0.04	0.00	0.04	0.08	0.02	-0.02	0.02	0.08	0.04
QY_Lss	0.10	0.06	0.08	0.04	0.07	0.05	0.07	0.04	0.02	0.06	0.08	0.02	-0.02	0.03	0.01	0.04
QY_D1	0.82	0.82	0.81	0.81	0.80	0.80	0.78	0.79	0.81	0.82	0.80	0.80	0.82	0.80	0.81	0.81
QY_D2	0.82	0.82	0.82	0.81	0.81	0.81	0.80	0.80	0.82	0.82	0.81	0.81	0.84	0.82	0.83	0.82
QY_D3	0.83	0.82	0.82	0.81	0.81	0.81	0.80	0.80	0.83	0.82	0.81	0.82	0.83	0.82	0.82	0.81
NPQ_L1	0.11	0.11	0.11	0.11	0.11	0.12	0.16	0.14	0.14	0.12	0.10	0.25	0.16	0.23	0.20	0.10
NPQ_L2	0.46	0.42	0.55	0.56	0.68	0.61	0.83	0.71	0.65	0.46	0.58	0.79	0.51	0.73	0.76	0.42
NPQ_L3	0.85	0.70	0.87	0.93	0.94	0.83	1.04	1.01	0.98	0.75	0.87	1.11	0.81	0.99	1.03	0.71
NPQ_L4	1.16	0.95	1.14	1.26	1.18	1.08	1.29	1.23	1.28	1.01	1.12	1.31	1.12	1.28	1.33	1.02
NPQ_Lss	1.29	1.09	1.25	1.44	1.29	1.22	1.45	1.41	1.43	1.14	1.24	1.53	1.25	1.40	1.51	1.14
NPQ_D1	0.29	0.29	0.31	0.29	0.29	0.29	0.34	0.32	0.34	0.24	0.32	0.54	0.32	0.29	0.38	0.30
NPQ_D2	0.18	0.20	0.19	0.20	0.19	0.17	0.20	0.21	0.24	0.18	0.21	0.41	0.23	0.22	0.25	0.19
NPQ_D3	0.15	0.18	0.17	0.19	0.17	0.15	0.18	0.21	0.23	0.16	0.18	0.37	0.23	0.21	0.21	0.17
qN_L1	0.10	0.09	0.10	0.10	0.10	0.11	0.15	0.13	0.12	0.10	0.09	0.17	0.11	0.17	0.16	0.09
qN_L2	0.34	0.32	0.39	0.40	0.45	0.41	0.51	0.46	0.42	0.34	0.41	0.45	0.33	0.44	0.45	0.33
qN_L3	0.50	0.45	0.52	0.53	0.54	0.50	0.57	0.56	0.54	0.47	0.52	0.54	0.46	0.52	0.54	0.46
qN_L4	0.59	0.53	0.59	0.62	0.60	0.57	0.63	0.62	0.61	0.55	0.59	0.59	0.55	0.59	0.60	0.56
qN_Lss	0.61	0.57	0.61	0.65	0.63	0.60	0.66	0.65	0.64	0.58	0.62	0.62	0.58	0.62	0.64	0.59
qN_D1	0.24	0.24	0.26	0.24	0.24	0.24	0.28	0.26	0.26	0.21	0.27	0.34	0.23	0.21	0.28	0.25
qN_D2	0.16	0.17	0.17	0.17	0.17	0.15	0.19	0.19	0.19	0.16	0.19	0.27	0.16	0.16	0.19	0.17
qN_D3	0.13	0.16	0.15	0.16	0.16	0.13	0.17	0.18	0.18	0.14	0.16	0.25	0.17	0.15	0.16	0.15
qP_L1	0.05	0.01	0.02	0.02	0.01	0.01	0.01	-0.01	-0.02	-0.01	0.04	-0.03	-0.01	-0.05	-0.01	0.04
qP_L2	0.00	0.01	0.02	0.00	-0.03	-0.03	-0.01	-0.01	0.00	0.01	-0.01	-0.04	-0.03	-0.01	0.02	0.01
qP_L3	0.03	0.06	0.06	0.03	0.03	0.06	0.05	0.04	0.02	0.05	0.05	-0.05	0.03	0.01	0.04	0.04
qP_L4	0.07	0.06	0.08	0.02	0.06	0.06	0.07	0.04	-0.01	0.05	0.10	0.01	-0.05	0.00	0.10	0.04
qP_Lss	0.12	0.06	0.10	0.05	0.09	0.06	0.09	0.05	0.02	0.07	0.11	-0.02	-0.05	0.02	-0.00	0.04
qP_D1	0.97	0.96	0.97	0.97	0.96	0.95	0.96	0.95	0.96	0.96	0.96	0.96	0.96	0.95	0.96	0.96
qP_D2	0.95	0.95	0.97	0.96	0.96	0.95	0.96	0.96	0.97	0.96	0.96	0.95	0.97	0.95	0.97	0.96
qP_D3	0.96	0.96	0.97	0.96	0.96	0.95	0.96	0.96	0.97	0.95	0.96	0.96	0.97	0.96	0.96	0.95
qL_L1	0.24	-0.03	0.08	0.08	0.02	-0.10	0.01	-0.14	-0.30	-0.17	0.18	-0.72	-0.47	-0.69	-0.33	0.16
qL_L2	-0.11	-0.12	-0.02	-0.10	-0.26	-0.29	-0.13	-0.16	-0.23	-0.06	-0.16	-0.68	-0.70	-0.43	-0.11	-0.05
qL_L3	-0.02	0.14	0.16	0.02	0.02	0.12	0.12	0.06	-0.13	0.09	0.15	-0.92	-0.31	-0.39	-0.11	0.05
qL_L4	0.08	0.09	0.16	-0.07	0.13	0.09	0.14	0.04	-0.31	0.01	0.28	-0.54	-0.82	-0.51	-0.07	0.03
qL_Lss	0.24	0.06	0.25	0.00	0.17	0.06	0.18	0.05	-0.20	0.11	0.28	-0.99	-0.86	-0.42	-0.41	0.01
qL_D1	1.16	1.19	1.14	1.15	1.14	1.20	1.15	1.16	1.16	1.18	1.15	1.19	1.17	1.26	1.20	1.16
qL_D2	1.24	1.24	1.16	1.18	1.16	1.25	1.16	1.15	1.16	1.22	1.18	1.22	1.18	1.24	1.17	1.21
qL_D3	1.22	1.23	1.16	1.20	1.16	1.25	1.17	1.16	1.14	1.24	1.20	1.19	1.21	1.22	1.23	1.23
Rfd_L1	0.22	0.20	0.19	0.21	0.18	0.21	0.21	0.18	0.23	0.20	0.18	0.37	0.31	0.31	0.28	0.20
Rfd_L2	0.56	0.54	0.66	0.68	0.75	0.69	0.91	0.76	0.83	0.60	0.64	1.03	0.72	0.96	0.95	0.51
Rfd_L3	1.03	0.95	1.09	1.13	1.12	1.09	1.22	1.17	1.27	1.00	1.05	1.53	1.23	1.36	1.34	0.87
Rfd_L4	1.47	1.25	1.43	1.50	1.46	1.39	1.54	1.43	1.58	1.30	1.43	1.88	1.48	1.72	1.93	1.22
Rfd_Lss	1.77	1.44	1.61	1.76	1.67	1.55	1.76	1.65	1.82	1.52	1.59	2.24	1.70	1.94	1.88	1.37
