FluorCam7 Numeric Export File
-----------------------------------
	Area 1	Area 2	Area 3	Area 4	Area 5	Area 6	Area 7	Area 8	Area 9	Area 10	Area 11	Area 12	Area 13	Area 14	Area 15
Size [pixels]	2255	1404	725	1143	836	1357	1615	2659	648	1174	732	332	434	1342	737
Fo	122.27	96.96	64.07	66.71	76.32	75.26	48.30	62.93	74.28	82.72	36.70	39.16	109.48	51.51	71.14
Fo_gauss	122.27	96.96	64.07	66.71	76.32	75.26	48.30	62.93	74.28	82.72	36.70	39.16	109.48	51.51	71.14
Fo_median	107.50	82.39	50.81	53.85	63.58	61.23	36.65	50.19	59.39	68.58	26.88	28.03	94.78	39.44	57.78
Fm	942.74	773.04	547.19	573.82	634.39	609.13	431.10	538.82	595.33	692.57	334.66	349.07	827.51	456.99	588.03
Fv	820.47	676.09	483.12	507.10	558.07	533.88	382.80	475.89	521.04	609.84	297.96	309.91	718.02	405.48	516.89
Fp	975.03	796.67	568.97	592.62	676.60	644.58	455.62	567.35	631.84	717.79	353.71	379.28	854.71	484.35	617.02
Fp-median	915.10	742.86	520.46	547.10	624.32	588.83	411.09	518.93	575.80	664.78	318.33	334.00	794.47	437.40	569.32
Fp-gauss	1134.75	939.63	697.32	718.61	811.28	784.86	574.39	713.88	777.36	860.34	475.71	493.27	1014.96	611.73	746.27
Fp-average	1031.23	847.52	612.80	638.64	723.79	694.07	498.32	620.38	684.34	767.82	400.02	420.50	913.53	530.13	663.17
Fm_L1	867.35	693.60	503.93	521.28	579.76	545.31	388.50	477.12	528.08	625.23	298.62	321.52	727.10	414.98	543.30
Fm_L2	636.79	520.09	398.42	405.95	461.48	395.62	300.09	353.53	368.03	480.48	235.66	262.53	503.92	312.95	465.49
Fm_L3	525.75	420.96	323.84	330.00	380.42	328.86	241.51	301.24	321.30	406.44	190.47	223.09	437.89	261.42	389.53
Fm_L4	469.02	355.32	273.41	285.75	330.52	278.17	205.46	262.70	281.84	358.16	165.23	196.96	386.53	224.60	329.14
Fm_Lss	444.22	318.39	259.10	264.06	305.09	258.97	191.50	242.98	263.29	332.96	160.59	175.94	361.95	210.07	302.37
Fm_D1	719.41	588.07	418.61	455.17	503.66	505.56	336.99	415.43	468.37	511.80	265.70	272.79	688.24	370.06	473.57
Fm_D2	792.22	626.41	467.29	489.30	552.38	534.99	357.13	439.66	499.50	547.21	282.47	296.30	731.05	390.85	506.56
Fm_D3	809.58	637.20	474.65	494.09	562.81	539.73	363.41	444.91	503.84	558.49	285.38	301.12	738.09	395.21	514.18
Ft_L1	846.96	685.07	475.79	494.69	574.65	541.53	369.59	467.27	522.06	610.62	281.46	302.58	724.74	393.44	527.45
Ft_L2	645.49	513.00	397.94	406.44	447.15	392.28	301.94	349.05	360.69	475.65	237.57	255.43	503.72	307.07	452.12
Ft_L3	511.52	403.29	322.40	328.76	361.67	317.27	238.33	284.24	309.88	384.94	192.17	210.72	422.69	256.12	377.21
Ft_L4	433.16	334.76	266.19	262.10	307.77	269.55	191.16	241.96	263.05	326.28	161.11	172.68	364.01	213.26	312.66
Ft_Lss	404.51	294.68	239.88	234.50	281.43	244.10	165.07	222.88	245.25	302.24	147.27	160.94	333.87	194.65	278.51
Ft_D1	145.48	113.57	76.62	80.55	91.47	91.43	57.62	76.99	84.21	95.39	46.29	48.43	139.98	63.12	85.67
Ft_D2	150.53	117.86	81.11	85.98	99.64	94.53	56.49	78.35	93.00	100.73	44.95	50.81	138.92	67.25	90.69
Ft_D3	149.70	114.57	81.32	83.14	96.18	92.34	58.39	79.37	90.74	97.18	46.90	49.08	135.88	66.88	87.62
Fo_L1	120.88	95.55	63.38	65.90	75.44	74.12	47.68	61.94	73.03	81.67	36.15	38.73	107.48	50.88	70.43
Fo_L2	114.95	91.21	61.17	63.49	72.86	70.26	45.86	59.05	68.61	78.40	34.87	37.57	100.59	48.79	68.85
Fo_L3	110.61	87.44	58.94	61.16	70.36	67.70	44.06	57.27	66.68	76.06	33.51	36.55	97.69	47.19	66.81
Fo_L4	107.77	84.12	56.83	59.36	68.33	65.08	42.58	55.56	64.73	74.08	32.50	35.65	94.73	45.73	64.63
Fo_Lss	106.40	81.71	56.17	58.31	67.14	63.87	41.85	54.56	63.58	72.85	32.30	34.80	93.07	44.96	63.50
Fo_D1	117.43	93.12	61.73	64.65	73.89	73.22	46.71	60.67	71.64	79.26	35.53	37.83	106.46	50.08	69.00
Fo_D2	119.28	94.07	62.73	65.32	74.88	73.85	47.12	61.20	72.34	80.11	35.90	38.25	107.53	50.50	69.73
Fo_D3	119.68	94.29	62.88	65.43	75.09	73.94	47.24	61.31	72.40	80.36	35.95	38.36	107.74	50.56	69.88
Fv_L1	746.47	598.05	440.55	455.37	504.31	471.19	340.82	415.18	455.05	543.56	262.47	282.79	619.62	364.10	472.87
Fv_L2	521.84	428.88	337.25	342.46	388.62	325.36	254.23	294.48	299.42	402.08	200.78	224.97	403.33	264.17	396.64
Fv_L3	415.14	333.52	264.90	268.84	310.06	261.16	197.45	243.97	254.62	330.38	156.96	186.55	340.20	214.23	322.72
Fv_L4	361.24	271.20	216.58	226.39	262.19	213.10	162.88	207.14	217.12	284.08	132.73	161.31	291.80	178.87	264.51
Fv_Lss	337.82	236.68	202.93	205.75	237.94	195.10	149.65	188.42	199.70	260.11	128.29	141.15	268.88	165.11	238.87
Fv_D1	601.98	494.95	356.88	390.52	429.77	432.35	290.28	354.76	396.73	432.54	230.17	234.96	581.77	319.98	404.57
Fv_D2	672.95	532.34	404.56	423.98	477.50	461.14	310.00	378.46	427.16	467.10	246.58	258.06	623.52	340.34	436.83
Fv_D3	689.90	542.91	411.77	428.66	487.72	465.78	316.17	383.60	431.44	478.13	249.43	262.76	630.35	344.66	444.31
Fq_L1	20.39	8.53	28.14	26.59	5.10	3.78	18.91	9.85	6.02	14.61	17.16	18.94	2.37	21.54	15.85
Fq_L2	-8.70	7.10	0.47	-0.50	14.33	3.33	-1.85	4.48	7.33	4.83	-1.91	7.11	0.19	5.88	13.37
Fq_L3	14.23	17.67	1.44	1.24	18.75	11.59	3.19	17.00	11.42	21.49	-1.70	12.38	15.20	5.30	12.32
Fq_L4	35.86	20.56	7.22	23.65	22.75	8.63	14.30	20.74	18.80	31.87	4.12	24.28	22.52	11.34	16.48
Fq_Lss	39.70	23.71	19.21	29.56	23.65	14.88	26.43	20.10	18.03	30.71	13.32	15.00	28.08	15.41	23.86
Fq_D1	573.93	474.50	341.99	374.62	412.18	414.13	279.37	338.44	384.16	416.40	219.41	224.36	548.26	306.95	387.90
Fq_D2	641.69	508.55	386.18	403.32	452.74	440.46	300.63	361.31	406.50	446.48	237.52	245.49	592.13	323.59	415.88
Fq_D3	659.88	522.63	393.33	410.95	466.62	447.39	305.02	365.55	413.11	461.31	238.48	252.04	602.21	328.33	426.56
QY_max	0.87	0.87	0.88	0.88	0.88	0.88	0.89	0.88	0.88	0.88	0.89	0.89	0.87	0.89	0.88
Fv/Fm_L1	0.86	0.86	0.87	0.87	0.87	0.86	0.88	0.87	0.86	0.87	0.88	0.88	0.85	0.88	0.87
Fv/Fm_L2	0.82	0.82	0.85	0.84	0.84	0.82	0.85	0.83	0.81	0.84	0.85	0.85	0.80	0.84	0.85
Fv/Fm_L3	0.79	0.79	0.82	0.81	0.81	0.79	0.81	0.81	0.79	0.81	0.82	0.83	0.78	0.82	0.83
Fv/Fm_L4	0.77	0.76	0.79	0.79	0.79	0.76	0.79	0.78	0.77	0.79	0.80	0.81	0.75	0.79	0.80
Fv/Fm_Lss	0.76	0.74	0.78	0.78	0.78	0.75	0.78	0.77	0.75	0.78	0.79	0.80	0.74	0.78	0.79
Fv/Fm_D1	0.84	0.84	0.85	0.86	0.85	0.85	0.86	0.85	0.85	0.84	0.86	0.86	0.84	0.86	0.85
Fv/Fm_D2	0.85	0.85	0.86	0.87	0.86	0.86	0.87	0.86	0.85	0.85	0.87	0.87	0.85	0.87	0.86
Fv/Fm_D3	0.85	0.85	0.87	0.87	0.87	0.86	0.87	0.86	0.85	0.86	0.87	0.87	0.85	0.87	0.86
QY_L1	0.02	0.01	0.05	0.05	0.00	-0.00	0.04	0.01	0.00	0.01	0.04	0.05	-0.00	0.04	0.02
QY_L2	-0.02	0.01	-0.01	-0.01	0.02	-0.00	-0.02	-0.00	0.00	0.00	-0.04	0.00	-0.01	0.00	0.02
QY_L3	0.02	0.03	-0.01	-0.01	0.04	0.02	-0.01	0.04	0.02	0.04	-0.05	0.02	0.02	-0.00	0.02
QY_L4	0.07	0.04	0.01	0.07	0.05	0.01	0.04	0.05	0.04	0.08	-0.02	0.09	0.05	0.02	0.04
QY_Lss	0.08	0.06	0.06	0.10	0.06	0.03	0.11	0.05	0.04	0.08	0.03	0.04	0.06	0.04	0.06
QY_D1	0.80	0.81	0.81	0.82	0.82	0.82	0.83	0.81	0.82	0.81	0.82	0.82	0.80	0.83	0.82
QY_D2	0.81	0.81	0.82	0.82	0.82	0.82	0.84	0.82	0.81	0.82	0.84	0.82	0.81	0.83	0.82
QY_D3	0.81	0.82	0.83	0.83	0.83	0.83	0.84	0.82	0.82	0.82	0.83	0.84	0.81	0.83	0.83
NPQ_L1	0.09	0.12	0.09	0.11	0.10	0.13	0.12	0.15	0.14	0.12	0.15	0.11	0.15	0.12	0.09
NPQ_L2	0.49	0.50	0.39	0.43	0.39	0.56	0.46	0.55	0.64	0.46	0.47	0.36	0.66	0.49	0.27
NPQ_L3	0.81	0.85	0.72	0.76	0.69	0.88	0.83	0.83	0.89	0.72	0.83	0.62	0.91	0.79	0.53
NPQ_L4	1.03	1.21	1.04	1.04	0.95	1.24	1.16	1.11	1.17	0.96	1.13	0.84	1.17	1.10	0.81
NPQ_Lss	1.15	1.48	1.15	1.21	1.12	1.42	1.33	1.29	1.32	1.12	1.19	1.06	1.33	1.25	0.98
NPQ_D1	0.32	0.33	0.33	0.27	0.27	0.22	0.30	0.32	0.29	0.37	0.29	0.31	0.22	0.25	0.25
NPQ_D2	0.20	0.25	0.18	0.18	0.16	0.15	0.22	0.25	0.21	0.28	0.21	0.20	0.14	0.19	0.17
NPQ_D3	0.17	0.23	0.16	0.17	0.13	0.14	0.20	0.23	0.21	0.25	0.20	0.19	0.13	0.17	0.15
qN_L1	0.09	0.11	0.08	0.10	0.09	0.11	0.10	0.11	0.12	0.10	0.10	0.07	0.13	0.09	0.08
qN_L2	0.37	0.37	0.30	0.32	0.30	0.38	0.33	0.37	0.42	0.34	0.32	0.27	0.44	0.34	0.23
qN_L3	0.50	0.51	0.45	0.47	0.44	0.51	0.48	0.48	0.51	0.46	0.47	0.39	0.53	0.47	0.37
qN_L4	0.56	0.60	0.55	0.56	0.53	0.60	0.57	0.56	0.58	0.54	0.55	0.48	0.60	0.56	0.49
qN_Lss	0.59	0.65	0.58	0.60	0.58	0.64	0.61	0.60	0.62	0.58	0.57	0.54	0.63	0.59	0.54
qN_D1	0.27	0.27	0.26	0.23	0.22	0.18	0.23	0.24	0.23	0.29	0.22	0.23	0.18	0.20	0.21
qN_D2	0.18	0.21	0.16	0.16	0.14	0.12	0.18	0.19	0.17	0.23	0.16	0.15	0.12	0.15	0.15
qN_D3	0.16	0.20	0.14	0.15	0.12	0.11	0.16	0.18	0.16	0.21	0.15	0.14	0.11	0.14	0.13
qP_L1	0.02	0.01	0.05	0.05	0.00	-0.01	0.04	0.00	-0.00	0.02	0.04	0.05	-0.01	0.04	0.03
qP_L2	-0.03	0.01	-0.01	-0.01	0.03	-0.01	-0.03	-0.01	0.00	-0.00	-0.05	-0.00	-0.01	-0.00	0.02
qP_L3	0.02	0.04	-0.02	-0.01	0.04	0.02	-0.02	0.04	0.02	0.05	-0.07	0.02	0.03	-0.01	0.03
qP_L4	0.08	0.05	0.00	0.08	0.06	-0.00	0.05	0.05	0.04	0.09	-0.05	0.10	0.06	0.02	0.04
qP_Lss	0.10	0.07	0.07	0.12	0.07	0.03	0.13	0.05	0.05	0.09	0.02	0.04	0.08	0.05	0.08
qP_D1	0.95	0.96	0.96	0.96	0.96	0.96	0.96	0.96	0.97	0.96	0.96	0.95	0.94	0.96	0.96
qP_D2	0.95	0.96	0.95	0.95	0.95	0.96	0.97	0.96	0.95	0.96	0.96	0.95	0.95	0.95	0.95
qP_D3	0.96	0.96	0.96	0.96	0.96	0.96	0.96	0.95	0.96	0.96	0.96	0.96	0.96	0.95	0.96
qL_L1	0.10	-0.04	0.32	0.30	-0.08	-0.16	0.16	-0.15	-0.15	-0.01	-0.04	0.18	-0.10	0.16	0.08
qL_L2	-0.23	-0.06	-0.25	-0.24	0.04	-0.22	-0.46	-0.30	-0.19	-0.15	-0.87	-0.37	-0.19	-0.27	0.02
qL_L3	0.01	0.06	-0.29	-0.26	0.10	-0.09	-0.45	-0.07	-0.15	0.11	-1.05	-0.34	0.00	-0.35	0.00
qL_L4	0.24	0.07	-0.19	0.18	0.11	-0.27	-0.14	-0.07	-0.10	0.24	-1.01	0.03	0.09	-0.26	0.04
qL_Lss	0.29	0.09	0.09	0.29	0.10	-0.18	0.16	-0.14	-0.06	0.22	-0.45	-0.50	0.15	-0.14	0.15
qL_D1	1.18	1.17	1.20	1.20	1.19	1.22	1.20	1.22	1.15	1.16	1.28	1.25	1.24	1.22	1.19
qL_D2	1.20	1.20	1.25	1.26	1.28	1.24	1.19	1.24	1.24	1.21	1.23	1.32	1.23	1.30	1.24
qL_D3	1.20	1.17	1.26	1.23	1.24	1.22	1.22	1.25	1.22	1.18	1.31	1.27	1.21	1.29	1.22
Rfd_L1	0.16	0.18	0.21	0.22	0.19	0.21	0.26	0.24	0.23	0.19	0.31	0.30	0.19	0.26	0.19
Rfd_L2	0.53	0.58	0.46	0.49	0.54	0.69	0.56	0.68	0.80	0.54	0.58	0.55	0.73	0.63	0.39
Rfd_L3	0.93	1.02	0.81	0.85	0.92	1.10	1.01	1.09	1.13	0.91	1.03	0.92	1.06	0.97	0.67
Rfd_L4	1.29	1.44	1.22	1.35	1.27	1.51	1.56	1.52	1.53	1.27	1.45	1.44	1.41	1.40	1.02
Rfd_Lss	1.46	1.79	1.48	1.65	1.51	1.80	2.05	1.72	1.72	1.46	1.69	1.63	1.64	1.69	1.30
