FluorCam7 Numeric Export File
-----------------------------------
	Area 1	Area 2	Area 3	Area 4	Area 5	Area 6	Area 7	Area 8	Area 9	Area 10	Area 11	Area 12	Area 13
Size [pixels]	2610	951	1515	2024	867	597	2023	1164	1162	631	1854	1219	819
Fo	75.05	46.96	69.23	55.18	42.56	37.87	124.64	79.21	67.90	34.07	52.52	98.09	65.71
Fo_gauss	75.05	46.96	69.23	55.18	42.56	37.87	124.64	79.21	67.90	34.07	52.52	98.09	65.71
Fo_median	60.59	34.12	54.91	42.10	30.62	26.43	108.69	63.80	52.66	23.54	39.81	76.12	50.63
Fm	588.77	408.09	550.56	464.81	375.21	330.39	918.74	630.17	544.43	319.89	451.31	724.87	545.97
Fv	513.72	361.13	481.34	409.63	332.66	292.52	794.10	550.95	476.53	285.82	398.79	626.78	480.27
Fp	618.34	432.11	583.04	490.87	398.83	345.70	960.09	655.45	566.90	336.04	480.25	742.02	567.19
Fp-median	564.31	385.02	524.89	438.71	350.94	300.42	894.68	593.84	506.71	293.71	427.80	650.89	507.12
Fp-gauss	755.98	559.69	725.31	622.14	527.29	472.79	1124.88	804.79	709.07	457.03	615.86	900.81	716.79
Fp-average	670.29	480.98	636.20	539.52	446.04	394.18	1019.62	712.35	621.94	381.57	532.13	808.72	625.06
Fm_L1	517.92	366.47	463.59	405.64	329.53	278.08	809.12	549.18	461.62	273.10	401.81	631.27	467.22
Fm_L2	359.44	283.04	316.09	287.63	238.58	184.56	544.20	378.84	314.26	195.24	298.60	424.06	336.95
Fm_L3	315.57	246.14	282.92	251.16	204.97	152.76	477.78	330.55	273.76	166.14	255.40	372.25	285.56
Fm_L4	273.93	211.34	241.64	212.85	172.49	130.98	419.57	283.62	233.72	144.50	219.08	320.95	246.60
Fm_Lss	258.20	193.63	221.61	195.28	159.84	118.72	389.82	260.46	216.80	138.18	207.32	298.00	226.12
Fm_D1	470.78	335.57	431.75	374.75	300.38	245.78	734.32	498.70	419.50	252.32	351.77	557.17	425.10
Fm_D2	492.39	344.02	449.20	383.56	306.87	255.40	768.54	524.34	438.15	264.67	370.72	600.53	443.99
Fm_D3	500.46	350.21	452.12	387.44	313.08	261.49	780.51	531.59	442.03	265.85	378.33	613.93	443.45
Ft_L1	507.21	348.95	471.00	392.40	314.36	261.42	804.78	541.48	463.60	259.10	392.64	630.39	469.62
Ft_L2	352.82	277.35	304.79	283.29	235.28	182.32	546.32	371.27	307.17	202.03	293.03	416.01	329.11
Ft_L3	301.18	239.88	267.07	242.27	199.13	153.23	462.18	313.95	264.84	169.14	248.17	355.39	275.29
Ft_L4	259.76	205.22	231.81	202.58	164.92	129.08	391.27	267.58	223.16	136.48	215.03	306.00	233.38
Ft_Lss	238.37	178.67	212.58	181.60	145.49	109.51	355.45	241.10	200.16	116.46	195.28	275.65	213.24
Ft_D1	89.30	58.29	83.96	64.50	48.73	41.48	148.62	95.26	79.54	40.36	60.58	116.77	79.39
Ft_D2	93.63	62.14	82.05	68.34	49.96	42.06	151.64	98.74	77.32	44.14	64.19	114.15	81.22
Ft_D3	94.01	61.16	82.03	68.09	49.41	41.44	151.47	96.56	75.18	44.02	66.06	115.32	78.93
Fo_L1	73.71	46.28	67.56	54.20	41.84	37.00	122.36	77.73	66.35	33.38	51.74	96.08	64.32
Fo_L2	69.15	44.42	62.96	51.17	39.68	34.30	113.76	72.67	61.86	31.58	49.36	89.06	60.82
Fo_L3	67.25	43.32	61.47	49.76	38.50	32.78	110.44	70.63	59.99	30.58	47.84	86.45	58.78
Fo_L4	65.01	41.97	59.10	47.93	37.05	31.46	106.92	68.11	57.73	29.60	46.31	83.27	56.78
Fo_Lss	64.05	41.13	57.75	46.86	36.32	30.60	104.80	66.49	56.51	29.38	45.72	81.47	55.51
Fo_D1	72.62	45.70	66.77	53.55	41.25	36.24	120.45	76.57	65.32	32.99	50.72	94.03	63.40
Fo_D2	73.13	45.84	67.21	53.74	41.40	36.43	121.36	77.19	65.81	33.20	51.14	95.30	63.85
Fo_D3	73.32	45.97	67.28	53.84	41.50	36.60	121.66	77.34	65.90	33.25	51.29	95.64	63.77
Fv_L1	444.21	320.19	396.03	351.44	287.70	241.08	686.75	471.45	395.27	239.73	350.06	535.19	402.89
Fv_L2	290.29	238.62	253.13	236.47	198.90	150.27	430.44	306.17	252.40	163.66	249.24	335.00	276.13
Fv_L3	248.32	202.82	221.45	201.40	166.47	119.98	367.34	259.92	213.77	135.56	207.56	285.80	226.78
Fv_L4	208.92	169.37	182.55	164.92	135.44	99.52	312.65	215.51	175.99	114.91	172.77	237.68	189.82
Fv_Lss	194.15	152.50	163.86	148.42	123.52	88.12	285.02	193.97	160.28	108.80	161.60	216.52	170.61
Fv_D1	398.16	289.87	364.98	321.20	259.13	209.54	613.88	422.14	354.18	219.32	301.05	463.13	361.70
Fv_D2	419.25	298.18	381.98	329.82	265.47	218.97	647.18	447.15	372.34	231.46	319.58	505.23	380.14
Fv_D3	427.14	304.24	384.84	333.60	271.58	224.90	658.86	454.24	376.13	232.60	327.04	518.29	379.68
Fq_L1	10.71	17.53	-7.41	13.24	15.17	16.66	4.33	7.69	-1.98	14.00	9.17	0.88	-2.41
Fq_L2	6.62	5.69	11.30	4.35	3.31	2.24	-2.13	7.57	7.09	-6.80	5.57	8.05	7.84
Fq_L3	14.39	6.25	15.85	8.89	5.83	-0.47	15.60	16.60	8.92	-3.00	7.23	16.86	10.27
Fq_L4	14.16	6.12	9.84	10.28	7.57	1.90	28.29	16.04	10.56	8.02	4.04	14.95	13.22
Fq_Lss	19.83	14.96	9.03	13.68	14.34	9.21	34.37	19.36	16.64	21.72	12.04	22.34	12.88
Fq_D1	381.47	277.28	347.79	310.25	251.65	204.30	585.71	403.44	339.96	211.96	291.20	440.39	345.71
Fq_D2	398.76	281.88	367.15	315.23	256.91	213.34	616.89	425.60	360.83	220.53	306.53	486.38	362.78
Fq_D3	406.45	289.05	370.09	319.35	263.66	220.05	629.04	435.02	366.85	221.83	312.26	498.60	364.53
QY_max	0.87	0.88	0.87	0.88	0.89	0.88	0.86	0.88	0.88	0.89	0.88	0.87	0.88
Fv/Fm_L1	0.86	0.87	0.85	0.87	0.87	0.87	0.85	0.86	0.86	0.87	0.87	0.85	0.86
Fv/Fm_L2	0.81	0.84	0.80	0.82	0.83	0.81	0.79	0.81	0.80	0.83	0.83	0.79	0.82
Fv/Fm_L3	0.78	0.82	0.78	0.80	0.81	0.78	0.77	0.79	0.78	0.81	0.81	0.77	0.79
Fv/Fm_L4	0.76	0.80	0.75	0.77	0.78	0.75	0.74	0.76	0.75	0.79	0.78	0.74	0.77
Fv/Fm_Lss	0.75	0.78	0.73	0.75	0.76	0.73	0.73	0.74	0.73	0.78	0.77	0.72	0.75
Fv/Fm_D1	0.84	0.86	0.84	0.86	0.86	0.85	0.84	0.85	0.84	0.87	0.85	0.83	0.85
Fv/Fm_D2	0.85	0.86	0.85	0.86	0.86	0.85	0.84	0.85	0.85	0.87	0.86	0.84	0.86
Fv/Fm_D3	0.85	0.87	0.85	0.86	0.86	0.86	0.84	0.85	0.85	0.87	0.86	0.84	0.85
QY_L1	0.01	0.03	-0.03	0.02	0.03	0.04	-0.00	-0.00	-0.01	0.02	0.00	-0.01	-0.02
QY_L2	0.00	-0.01	0.01	-0.00	-0.02	-0.04	-0.01	0.00	-0.00	-0.09	-0.01	0.01	0.00
QY_L3	0.03	-0.00	0.02	0.01	-0.02	-0.12	0.02	0.03	0.00	-0.07	-0.01	0.03	0.01
QY_L4	0.03	-0.01	-0.01	0.02	-0.01	-0.08	0.05	0.03	0.01	0.00	-0.02	0.02	0.03
QY_Lss	0.06	0.03	0.01	0.04	0.04	0.00	0.08	0.04	0.03	0.10	0.02	0.05	0.03
QY_D1	0.81	0.82	0.80	0.82	0.83	0.83	0.80	0.81	0.81	0.84	0.82	0.79	0.81
QY_D2	0.81	0.82	0.82	0.82	0.83	0.83	0.80	0.81	0.82	0.83	0.82	0.81	0.81
QY_D3	0.81	0.82	0.82	0.82	0.84	0.84	0.81	0.82	0.83	0.83	0.82	0.81	0.82
NPQ_L1	0.15	0.14	0.21	0.17	0.16	0.22	0.14	0.17	0.20	0.21	0.15	0.16	0.19
NPQ_L2	0.66	0.49	0.79	0.66	0.63	0.89	0.70	0.70	0.77	0.72	0.55	0.72	0.67
NPQ_L3	0.90	0.72	1.01	0.91	0.92	1.39	0.94	0.96	1.04	1.05	0.83	0.97	0.97
NPQ_L4	1.21	1.01	1.43	1.28	1.30	1.75	1.22	1.29	1.41	1.37	1.14	1.31	1.30
NPQ_Lss	1.34	1.22	1.62	1.49	1.50	2.06	1.39	1.54	1.62	1.48	1.28	1.53	1.54
NPQ_D1	0.27	0.25	0.32	0.27	0.29	0.42	0.26	0.31	0.32	0.31	0.32	0.35	0.33
NPQ_D2	0.21	0.21	0.26	0.24	0.26	0.35	0.20	0.25	0.27	0.25	0.24	0.25	0.27
NPQ_D3	0.19	0.19	0.26	0.23	0.23	0.34	0.19	0.24	0.26	0.24	0.22	0.21	0.28
qN_L1	0.13	0.11	0.17	0.14	0.12	0.16	0.13	0.14	0.16	0.15	0.11	0.14	0.15
qN_L2	0.43	0.34	0.47	0.42	0.40	0.48	0.46	0.44	0.46	0.42	0.37	0.46	0.42
qN_L3	0.52	0.44	0.54	0.51	0.50	0.59	0.54	0.53	0.55	0.52	0.48	0.54	0.53
qN_L4	0.60	0.53	0.63	0.60	0.59	0.66	0.61	0.61	0.63	0.59	0.57	0.62	0.61
qN_Lss	0.63	0.58	0.66	0.64	0.63	0.70	0.65	0.65	0.67	0.62	0.60	0.66	0.65
qN_D1	0.22	0.19	0.24	0.21	0.21	0.27	0.23	0.24	0.25	0.22	0.24	0.27	0.24
qN_D2	0.18	0.17	0.20	0.19	0.19	0.24	0.18	0.19	0.21	0.18	0.19	0.20	0.20
qN_D3	0.17	0.15	0.20	0.18	0.17	0.22	0.17	0.18	0.20	0.17	0.17	0.18	0.21
qP_L1	0.02	0.04	-0.03	0.02	0.03	0.04	-0.00	-0.01	-0.02	0.02	0.00	-0.02	-0.03
qP_L2	0.00	-0.01	0.01	-0.01	-0.03	-0.06	-0.02	-0.01	-0.01	-0.12	-0.01	0.01	-0.00
qP_L3	0.03	-0.01	0.02	-0.00	-0.03	-0.66	0.03	0.03	-0.01	-0.11	-0.02	0.03	0.01
qP_L4	0.03	-0.02	-0.14	0.01	-0.03	-0.16	0.07	0.02	0.00	-0.02	-0.04	0.03	0.03
qP_Lss	0.07	0.02	-0.01	0.04	0.02	-0.03	0.10	0.03	0.03	0.10	0.02	0.05	0.01
qP_D1	0.96	0.96	0.95	0.96	0.97	0.98	0.95	0.96	0.96	0.97	0.97	0.95	0.95
qP_D2	0.95	0.95	0.96	0.96	0.97	0.98	0.95	0.96	0.97	0.96	0.96	0.96	0.95
qP_D3	0.95	0.95	0.96	0.96	0.97	0.98	0.95	0.96	0.98	0.95	0.96	0.96	0.96
qL_L1	0.00	0.05	-0.44	-0.07	-0.08	-0.12	-0.09	-0.27	-0.33	-0.26	-0.26	-0.29	-0.36
qL_L2	-0.18	-0.44	-0.24	-0.35	-0.68	-1.08	-0.20	-0.24	-0.38	-1.60	-0.41	-0.13	-0.32
qL_L3	-0.04	-0.43	-0.28	-0.38	-0.70	-20.28	-0.01	-0.12	-0.41	-1.46	-0.49	-0.07	-0.25
qL_L4	-0.11	-0.50	-4.09	-0.35	-0.80	-1.75	0.14	-0.25	-0.39	-0.88	-0.60	-0.20	-0.27
qL_Lss	0.02	-0.46	-0.44	-0.26	-0.61	-1.27	0.22	-0.24	-0.39	-0.37	-0.34	-0.10	-0.25
qL_D1	1.18	1.27	1.20	1.17	1.17	1.13	1.18	1.19	1.15	1.22	1.17	1.17	1.21
qL_D2	1.22	1.33	1.18	1.21	1.18	1.16	1.19	1.22	1.13	1.31	1.22	1.14	1.24
qL_D3	1.22	1.32	1.17	1.22	1.17	1.15	1.19	1.19	1.11	1.32	1.25	1.16	1.19
Rfd_L1	0.24	0.28	0.28	0.28	0.32	0.41	0.20	0.25	0.27	0.36	0.26	0.22	0.23
Rfd_L2	0.79	0.63	1.04	0.82	0.80	1.07	0.78	0.83	1.19	0.80	0.71	0.84	0.80
Rfd_L3	1.12	0.91	1.34	1.14	1.14	1.64	1.12	1.20	1.28	1.23	1.06	1.19	1.22
Rfd_L4	1.53	1.24	1.70	1.66	1.71	2.24	1.51	1.61	1.75	1.90	1.43	1.58	1.61
Rfd_Lss	1.77	1.64	2.39	2.08	2.46	2.99	1.78	1.93	2.23	2.52	1.70	1.93	1.85
