FluorCam7 Numeric Export File
-----------------------------------
	Area 1	Area 2	Area 3	Area 4	Area 5	Area 6	Area 7	Area 8	Area 9	Area 10	Area 11
Size [pixels]	1824	1287	1343	1447	1034	2299	1523	1252	1192	1642	2841
Fo	63.62	43.18	89.20	62.54	103.36	101.87	45.61	40.20	30.82	33.84	94.46
Fo_gauss	63.62	43.18	89.20	62.54	103.36	101.87	45.61	40.20	30.82	33.84	94.46
Fo_median	49.58	31.43	71.79	47.67	85.44	85.18	33.49	28.51	20.66	23.03	77.54
Fm	485.34	354.21	621.82	468.75	700.09	696.96	366.31	352.14	271.44	288.45	685.54
Fv	421.72	311.02	532.62	406.21	596.73	595.09	320.69	311.94	240.61	254.61	591.08
Fp	504.42	380.83	647.33	490.56	723.74	723.81	387.31	373.85	293.49	310.13	712.16
Fp-median	454.24	333.28	580.38	437.59	655.96	659.05	342.13	326.37	251.40	268.86	645.84
Fp-gauss	628.33	502.41	794.17	617.54	870.76	869.46	507.80	500.13	414.33	433.74	859.78
Fp-average	550.97	427.33	702.55	539.47	779.85	777.71	433.25	424.16	339.07	356.94	767.28
Fm_L1	414.37	295.08	499.15	407.43	582.91	588.03	322.77	304.61	230.93	244.71	552.59
Fm_L2	262.38	194.61	329.24	273.58	377.64	384.51	233.86	206.32	148.70	152.91	356.84
Fm_L3	221.54	157.09	286.98	221.15	331.88	329.04	181.72	163.15	123.74	131.36	305.49
Fm_L4	193.26	138.59	251.87	194.41	285.50	285.03	153.39	143.43	110.94	116.30	273.51
Fm_Lss	182.93	133.46	235.13	185.20	264.56	264.81	142.65	135.43	104.27	108.37	257.63
Fm_D1	388.71	265.37	472.94	355.13	536.40	523.54	279.07	260.43	206.74	222.12	507.35
Fm_D2	408.39	293.22	499.41	399.91	574.31	563.48	304.34	287.97	218.42	232.12	547.57
Fm_D3	410.05	298.29	507.85	405.75	590.72	577.99	313.10	299.03	223.40	235.76	561.09
Ft_L1	403.27	295.56	516.24	402.79	593.42	591.92	311.47	299.65	222.07	238.63	563.68
Ft_L2	262.80	198.31	320.82	276.55	372.43	377.31	230.08	206.15	152.40	156.95	353.48
Ft_L3	212.53	153.44	281.29	215.02	317.80	315.83	175.38	159.81	119.79	130.39	295.59
Ft_L4	179.29	132.97	242.86	183.04	274.50	270.78	140.39	134.24	102.93	108.29	262.84
Ft_Lss	161.54	124.22	223.91	167.42	251.07	246.58	126.09	121.34	95.68	97.38	245.20
Ft_D1	74.76	51.83	106.07	75.38	118.44	117.75	55.03	48.84	34.70	38.67	113.03
Ft_D2	75.01	53.41	108.22	80.02	123.26	118.85	55.40	48.76	37.19	40.02	117.10
Ft_D3	77.68	53.33	103.85	78.33	120.98	117.07	55.62	50.12	36.87	37.72	114.58
Fo_L1	62.14	42.06	86.05	61.25	100.28	99.06	44.79	39.39	30.09	33.06	91.31
Fo_L2	56.92	38.82	78.65	56.68	91.41	90.58	42.27	36.85	27.71	30.15	83.37
Fo_L3	54.54	36.82	75.87	53.88	88.41	86.99	40.02	34.88	26.55	29.03	80.08
Fo_L4	52.52	35.53	73.05	52.00	84.56	83.35	38.29	33.87	25.69	28.07	77.63
Fo_Lss	51.64	35.21	71.53	51.28	82.51	81.35	37.48	33.24	25.21	27.44	76.23
Fo_D1	61.51	41.32	85.20	59.81	98.77	96.77	43.72	38.39	29.52	32.48	89.95
Fo_D2	62.03	42.01	86.08	61.03	100.05	98.09	44.38	39.02	29.80	32.70	91.16
Fo_D3	62.05	42.14	86.35	61.22	100.53	98.62	44.58	39.21	29.91	32.79	91.56
Fv_L1	352.23	253.03	413.11	346.18	482.63	488.97	277.98	265.21	200.84	211.65	461.27
Fv_L2	205.46	155.79	250.60	216.90	286.22	293.93	191.59	169.47	120.99	122.77	273.48
Fv_L3	167.00	120.27	211.12	167.27	243.47	242.05	141.70	128.26	97.20	102.33	225.41
Fv_L4	140.73	103.06	178.82	142.42	200.93	201.68	115.09	109.56	85.25	88.23	195.88
Fv_Lss	131.29	98.26	163.60	133.92	182.04	183.46	105.16	102.19	79.06	80.93	181.40
Fv_D1	327.20	224.06	387.74	295.32	437.63	426.77	235.36	222.04	177.23	189.64	417.40
Fv_D2	346.36	251.21	413.32	338.88	474.26	465.40	259.96	248.94	188.62	199.42	456.41
Fv_D3	347.99	256.15	421.51	344.54	490.19	479.38	268.52	259.82	193.49	202.97	469.54
Fq_L1	11.10	-0.47	-17.08	4.64	-10.51	-3.89	11.30	4.95	8.86	6.08	-11.09
Fq_L2	-0.42	-3.69	8.43	-2.97	5.21	7.20	3.78	0.17	-3.70	-4.04	3.36
Fq_L3	9.00	3.65	5.69	6.12	14.08	13.21	6.34	3.34	3.95	0.97	9.90
Fq_L4	13.96	5.62	9.00	11.37	11.00	14.24	13.00	9.19	8.01	8.01	10.67
Fq_Lss	21.39	9.24	11.23	17.78	13.48	18.23	16.55	14.09	8.59	10.99	12.44
Fq_D1	313.96	213.54	366.87	279.75	417.96	405.79	224.04	211.59	172.04	183.45	394.32
Fq_D2	333.37	239.81	391.19	319.89	451.05	444.63	248.94	239.20	181.23	192.11	430.46
Fq_D3	332.37	244.97	404.01	327.43	469.74	460.92	257.48	248.91	186.53	198.04	446.51
QY_max	0.87	0.88	0.86	0.87	0.85	0.85	0.87	0.88	0.88	0.88	0.86
Fv/Fm_L1	0.85	0.86	0.83	0.85	0.83	0.83	0.86	0.87	0.86	0.86	0.83
Fv/Fm_L2	0.78	0.80	0.76	0.79	0.76	0.76	0.82	0.82	0.80	0.79	0.77
Fv/Fm_L3	0.75	0.76	0.73	0.75	0.73	0.73	0.78	0.78	0.77	0.77	0.74
Fv/Fm_L4	0.72	0.73	0.71	0.73	0.70	0.70	0.74	0.75	0.75	0.74	0.71
Fv/Fm_Lss	0.71	0.73	0.69	0.72	0.69	0.68	0.73	0.74	0.74	0.73	0.70
Fv/Fm_D1	0.84	0.84	0.82	0.83	0.81	0.81	0.84	0.85	0.85	0.85	0.82
Fv/Fm_D2	0.85	0.85	0.83	0.85	0.83	0.82	0.85	0.86	0.86	0.85	0.83
Fv/Fm_D3	0.85	0.86	0.83	0.85	0.83	0.82	0.85	0.86	0.86	0.85	0.84
QY_L1	0.01	-0.02	-0.05	0.00	-0.03	-0.02	0.02	-0.01	0.00	-0.01	-0.03
QY_L2	-0.02	-0.06	0.01	-0.03	-0.00	0.01	-0.01	-0.04	-0.10	-0.10	-0.01
QY_L3	0.02	-0.04	-0.00	0.01	0.03	0.03	-0.00	-0.04	-0.05	-0.06	0.01
QY_L4	0.04	-0.03	0.01	0.03	0.01	0.03	0.05	0.01	-0.03	-0.02	0.02
QY_Lss	0.08	0.02	0.01	0.06	0.03	0.03	0.07	0.06	-0.03	0.01	0.03
QY_D1	0.81	0.80	0.78	0.79	0.78	0.77	0.80	0.81	0.82	0.82	0.78
QY_D2	0.82	0.82	0.78	0.80	0.79	0.79	0.82	0.83	0.82	0.82	0.79
QY_D3	0.81	0.82	0.80	0.81	0.80	0.80	0.82	0.83	0.83	0.83	0.80
NPQ_L1	0.19	0.24	0.27	0.17	0.22	0.22	0.17	0.19	0.24	0.22	0.26
NPQ_L2	0.89	0.91	0.93	0.76	0.90	0.86	0.63	0.79	0.98	1.04	0.96
NPQ_L3	1.26	1.41	1.23	1.17	1.18	1.20	1.11	1.31	1.42	1.38	1.30
NPQ_L4	1.60	1.80	1.57	1.50	1.55	1.63	1.50	1.63	1.75	1.79	1.57
NPQ_Lss	1.80	1.86	1.77	1.64	1.78	1.91	1.76	1.80	1.95	1.99	1.74
NPQ_D1	0.27	0.39	0.34	0.34	0.37	0.46	0.36	0.43	0.39	0.38	0.39
NPQ_D2	0.21	0.25	0.27	0.20	0.25	0.34	0.24	0.30	0.31	0.36	0.28
NPQ_D3	0.21	0.22	0.26	0.18	0.22	0.29	0.22	0.25	0.28	0.31	0.25
qN_L1	0.16	0.17	0.22	0.14	0.19	0.18	0.12	0.14	0.14	0.15	0.22
qN_L2	0.52	0.49	0.53	0.46	0.52	0.51	0.39	0.45	0.49	0.51	0.54
qN_L3	0.61	0.61	0.61	0.59	0.60	0.60	0.55	0.59	0.59	0.59	0.62
qN_L4	0.67	0.67	0.67	0.65	0.67	0.67	0.64	0.65	0.64	0.65	0.67
qN_Lss	0.70	0.68	0.70	0.68	0.70	0.70	0.67	0.67	0.67	0.68	0.70
qN_D1	0.22	0.27	0.27	0.27	0.28	0.29	0.26	0.28	0.25	0.24	0.30
qN_D2	0.18	0.18	0.22	0.16	0.21	0.23	0.18	0.19	0.20	0.20	0.23
qN_D3	0.18	0.16	0.21	0.14	0.18	0.21	0.16	0.16	0.17	0.19	0.21
qP_L1	0.01	-0.03	-0.06	0.00	-0.03	-0.03	0.02	-0.01	-0.01	-0.02	-0.04
qP_L2	-0.04	-0.10	-0.01	-0.04	-0.01	0.00	-0.02	-0.06	-0.16	-0.15	-0.02
qP_L3	0.01	-0.07	-0.02	0.00	0.03	0.03	-0.02	-0.08	-0.13	-0.12	0.00
qP_L4	0.05	-0.11	0.00	0.03	0.01	0.01	0.05	-0.01	-0.12	-0.07	0.02
qP_Lss	0.08	-0.01	-0.00	0.08	0.03	-0.27	0.07	0.05	-0.11	-0.05	0.02
qP_D1	0.96	0.95	0.95	0.95	0.95	0.96	0.95	0.95	0.97	0.97	0.95
qP_D2	0.96	0.96	0.95	0.94	0.95	0.96	0.96	0.96	0.96	0.97	0.94
qP_D3	0.96	0.96	0.96	0.95	0.96	0.97	0.96	0.96	0.96	0.98	0.95
qL_L1	-0.10	-0.65	-0.59	-0.17	-0.31	-0.32	-0.21	-0.53	-0.75	-0.62	-0.40
qL_L2	-0.42	-1.15	-0.26	-0.47	-0.28	-0.18	-0.56	-0.88	-1.99	-1.84	-0.27
qL_L3	-0.32	-1.20	-0.34	-0.30	-0.30	-0.15	-0.75	-1.18	-2.67	-1.55	-0.27
qL_L4	-0.21	-1.55	-0.23	-0.27	-0.29	-0.38	-0.47	-0.90	-2.16	-1.64	-0.20
qL_Lss	-0.46	-0.90	-0.52	-0.18	-0.34	-6.90	-0.71	-0.63	-1.89	-1.49	-0.22
qL_D1	1.16	1.16	1.16	1.20	1.12	1.14	1.19	1.22	1.15	1.18	1.18
qL_D2	1.16	1.22	1.18	1.22	1.18	1.13	1.20	1.23	1.21	1.22	1.21
qL_D3	1.20	1.22	1.14	1.23	1.14	1.13	1.21	1.23	1.21	1.17	1.18
Rfd_L1	0.28	0.38	0.29	0.26	0.28	0.27	0.33	0.31	0.45	0.38	0.31
Rfd_L2	1.01	1.13	1.12	0.85	1.06	1.04	0.83	0.99	1.24	1.28	1.11
Rfd_L3	1.56	1.89	1.68	1.63	1.47	1.50	1.51	2.00	2.12	2.21	1.69
Rfd_L4	2.13	2.96	1.87	1.99	1.87	2.02	2.66	2.44	2.93	2.87	1.90
Rfd_Lss	2.65	2.86	2.89	2.41	2.20	2.58	3.09	3.30	3.47	3.29	2.17
