FluorCam7 Numeric Export File
-----------------------------------
	Area 1	Area 2	Area 3	Area 4	Area 5	Area 6	Area 7
Size [pixels]	1520	1559	1494	2068	819	1092	422
Fo	56.58	56.24	91.45	67.07	46.56	83.49	85.22
Fo_gauss	56.58	56.24	91.45	67.07	46.56	83.49	85.22
Fo_median	43.20	42.71	73.93	52.75	33.47	65.40	66.81
Fm	467.91	460.34	683.86	549.15	395.71	632.26	593.64
Fv	411.33	404.10	592.41	482.08	349.14	548.77	508.42
Fp	505.37	499.23	706.81	581.37	425.00	652.22	619.82
Fp-median	452.76	442.81	635.07	522.77	370.77	578.12	556.23
Fp-gauss	643.69	638.35	857.62	721.81	558.58	798.12	769.05
Fp-average	558.61	552.67	766.28	634.88	479.16	711.59	681.67
Fm_L1	402.25	387.57	572.90	466.37	352.87	538.78	502.25
Fm_L2	281.66	260.53	379.02	325.97	246.13	353.79	328.74
Fm_L3	234.31	211.98	314.19	260.20	199.34	284.63	271.59
Fm_L4	191.92	174.70	258.63	210.54	171.27	234.67	231.49
Fm_Lss	171.97	159.87	233.95	185.84	153.72	210.04	204.32
Fm_D1	391.51	372.07	530.18	411.54	324.46	469.13	481.53
Fm_D2	396.80	385.46	564.95	433.15	342.90	503.16	504.61
Fm_D3	397.05	386.06	571.00	434.74	343.84	511.95	510.54
Ft_L1	407.11	399.01	582.72	477.34	349.52	554.10	520.71
Ft_L2	278.75	259.84	377.94	324.28	253.17	353.30	325.96
Ft_L3	232.50	207.32	303.30	256.13	205.11	276.55	269.04
Ft_L4	192.13	177.17	256.80	211.45	173.82	229.79	224.13
Ft_Lss	168.81	157.12	222.28	184.58	151.81	202.93	198.93
Ft_D1	74.90	70.77	113.57	84.61	62.46	97.26	105.75
Ft_D2	72.44	67.93	111.09	83.58	60.71	96.58	102.94
Ft_D3	70.70	69.06	107.77	82.05	61.17	94.73	99.95
Fo_L1	55.42	54.91	89.00	65.58	45.89	81.53	82.95
Fo_L2	52.07	51.08	82.04	61.59	43.19	75.31	75.89
Fo_L3	50.00	48.64	78.36	58.58	41.25	71.36	72.25
Fo_L4	47.59	46.11	74.12	55.34	39.78	67.54	68.86
Fo_Lss	46.12	45.01	71.86	53.23	38.63	65.13	66.02
Fo_D1	55.19	54.54	87.80	64.05	45.27	79.34	82.37
Fo_D2	55.29	54.85	88.79	64.55	45.67	80.43	83.03
Fo_D3	55.30	54.87	88.96	64.56	45.71	80.61	83.21
Fv_L1	346.83	332.65	483.90	400.79	306.99	457.25	419.30
Fv_L2	229.59	209.45	296.98	264.39	202.94	278.48	252.86
Fv_L3	184.31	163.34	235.83	201.62	158.09	213.27	199.34
Fv_L4	144.33	128.59	184.51	155.19	131.49	167.13	162.63
Fv_Lss	125.85	114.86	162.10	132.61	115.09	144.91	138.30
Fv_D1	336.32	317.53	442.39	347.49	279.18	389.79	399.16
Fv_D2	341.51	330.61	476.16	368.60	297.23	422.73	421.58
Fv_D3	341.75	331.19	482.04	370.18	298.13	431.34	427.33
Fq_L1	-4.87	-11.45	-9.82	-10.97	3.35	-15.32	-18.46
Fq_L2	2.91	0.69	1.07	1.69	-7.04	0.49	2.78
Fq_L3	1.81	4.66	10.88	4.07	-5.78	8.07	2.55
Fq_L4	-0.21	-2.48	1.84	-0.92	-2.54	4.88	7.36
Fq_Lss	3.16	2.75	11.67	1.26	1.91	7.10	5.39
Fq_D1	316.61	301.30	416.61	326.93	262.00	371.88	375.78
Fq_D2	324.36	317.53	453.86	349.58	282.19	406.58	401.67
Fq_D3	326.36	317.00	463.24	352.69	282.67	417.21	410.60
QY_max	0.88	0.88	0.87	0.88	0.88	0.87	0.86
Fv/Fm_L1	0.86	0.86	0.84	0.86	0.87	0.85	0.84
Fv/Fm_L2	0.81	0.80	0.78	0.81	0.82	0.79	0.77
Fv/Fm_L3	0.78	0.76	0.75	0.77	0.79	0.74	0.73
Fv/Fm_L4	0.75	0.73	0.71	0.73	0.76	0.70	0.70
Fv/Fm_Lss	0.72	0.71	0.69	0.70	0.74	0.68	0.67
Fv/Fm_D1	0.86	0.85	0.83	0.84	0.86	0.82	0.83
Fv/Fm_D2	0.86	0.86	0.84	0.84	0.86	0.83	0.84
Fv/Fm_D3	0.86	0.86	0.84	0.84	0.87	0.83	0.84
QY_L1	-0.03	-0.05	-0.03	-0.04	-0.01	-0.06	-0.04
QY_L2	-0.02	-0.03	-0.02	-0.01	-0.06	-0.01	-0.02
QY_L3	-0.03	-0.02	0.01	-0.01	-0.06	0.01	-0.02
QY_L4	-0.04	-0.08	-0.02	-0.04	-0.07	-0.01	0.01
QY_Lss	-0.04	-0.04	0.01	-0.04	-0.04	0.00	-0.02
QY_D1	0.81	0.81	0.79	0.79	0.80	0.79	0.78
QY_D2	0.82	0.82	0.81	0.80	0.82	0.80	0.80
QY_D3	0.82	0.82	0.81	0.81	0.82	0.81	0.81
NPQ_L1	0.18	0.21	0.21	0.20	0.15	0.23	0.20
NPQ_L2	0.70	0.83	0.84	0.73	0.66	0.83	0.85
NPQ_L3	1.07	1.28	1.24	1.19	1.07	1.33	1.25
NPQ_L4	1.54	1.82	1.78	1.79	1.43	1.88	1.63
NPQ_Lss	1.87	2.08	2.09	2.35	1.73	2.39	2.05
NPQ_D1	0.23	0.28	0.34	0.45	0.27	0.52	0.27
NPQ_D2	0.20	0.23	0.24	0.42	0.18	0.37	0.22
NPQ_D3	0.21	0.24	0.23	0.43	0.18	0.37	0.20
qN_L1	0.14	0.17	0.18	0.16	0.11	0.17	0.17
qN_L2	0.44	0.48	0.50	0.45	0.41	0.49	0.50
qN_L3	0.55	0.60	0.60	0.58	0.55	0.62	0.61
qN_L4	0.65	0.68	0.69	0.68	0.62	0.70	0.68
qN_Lss	0.70	0.72	0.73	0.73	0.67	0.74	0.73
qN_D1	0.17	0.21	0.25	0.28	0.19	0.30	0.22
qN_D2	0.16	0.17	0.19	0.24	0.14	0.24	0.18
qN_D3	0.16	0.17	0.19	0.24	0.14	0.23	0.16
qP_L1	-0.03	-0.06	-0.04	-0.05	-0.02	-0.15	-0.05
qP_L2	-0.03	-0.04	-0.03	-0.02	-0.08	-0.02	-0.03
qP_L3	-0.05	-0.05	0.00	-0.02	-0.09	0.01	-0.04
qP_L4	-0.07	-0.15	-0.06	-0.08	-0.12	-0.04	0.01
qP_Lss	-0.08	-0.09	-0.01	-0.14	-0.09	-0.06	-0.06
qP_D1	0.95	0.95	0.95	0.95	0.94	0.97	0.94
qP_D2	0.95	0.96	0.96	0.96	0.95	0.97	0.96
qP_D3	0.96	0.96	0.96	0.97	0.95	0.98	0.97
qL_L1	-0.50	-0.73	-0.39	-0.56	-0.44	-3.95	-0.45
qL_L2	-0.47	-0.58	-0.37	-0.35	-0.91	-0.30	-0.39
qL_L3	-0.59	-0.71	-0.21	-0.41	-0.94	-0.27	-0.51
qL_L4	-0.73	-1.29	-0.53	-0.74	-1.28	-0.50	-0.21
qL_Lss	-1.00	-1.00	-1.04	-1.59	-1.17	-0.76	-0.70
qL_D1	1.28	1.22	1.20	1.22	1.31	1.14	1.20
qL_D2	1.25	1.19	1.19	1.20	1.28	1.12	1.21
qL_D3	1.22	1.21	1.15	1.18	1.27	1.11	1.14
Rfd_L1	0.30	0.30	0.24	0.25	0.26	0.25	0.26
Rfd_L2	0.91	1.03	0.94	0.88	0.84	0.94	0.98
Rfd_L3	1.30	1.72	1.47	1.45	1.29	2.07	1.58
Rfd_L4	1.84	2.39	2.11	2.11	1.68	2.23	1.98
Rfd_Lss	2.49	2.73	2.57	2.97	2.31	3.45	2.45
