FluorCam7 Numeric Export File
-----------------------------------
	Area 1	Area 2	Area 3	Area 4	Area 5	Area 6	Area 7	Area 8	Area 9	Area 10	Area 11
Size [pixels]	1667	1143	1834	791	1420	1821	2922	954	1974	1307	825
Fo	59.82	48.30	54.04	75.28	79.07	84.59	83.52	38.27	57.47	35.69	91.84
Fo_gauss	59.82	48.30	54.04	75.28	79.07	84.59	83.52	38.27	57.47	35.69	91.84
Fo_median	46.07	35.66	40.65	58.52	63.81	69.11	68.31	26.47	42.25	25.46	73.59
Fm	485.96	400.15	464.30	561.41	637.58	640.61	659.72	334.07	472.12	326.89	664.38
Fv	426.14	351.85	410.27	486.13	558.51	556.01	576.20	295.81	414.65	291.20	572.55
Fp	515.15	432.25	483.67	587.49	666.94	668.75	690.14	360.81	498.64	348.82	690.37
Fp-median	464.10	379.56	431.84	522.65	604.20	606.44	626.07	313.05	437.33	305.43	619.93
Fp-gauss	640.80	564.23	605.84	736.62	812.45	809.55	833.77	486.10	632.24	469.02	845.05
Fp-average	562.34	482.59	530.56	646.94	722.17	721.65	743.53	408.39	552.23	393.42	752.64
Fm_L1	431.40	353.37	415.75	452.73	547.17	560.54	571.07	297.21	421.44	288.34	567.73
Fm_L2	298.18	250.34	297.79	289.42	387.37	377.83	397.16	208.25	297.62	202.42	375.37
Fm_L3	236.53	204.36	238.27	252.31	321.42	306.68	316.93	171.64	225.39	165.41	302.48
Fm_L4	188.30	163.76	193.77	215.74	255.57	253.94	258.64	142.64	183.70	140.87	255.20
Fm_Lss	168.52	146.47	167.27	192.38	222.81	226.20	228.28	127.61	164.44	123.76	224.47
Fm_D1	407.39	328.90	383.46	424.02	505.62	498.86	516.71	270.15	380.44	268.61	503.85
Fm_D2	419.49	335.96	392.63	460.93	522.17	529.02	537.10	277.46	394.65	275.60	538.79
Fm_D3	423.71	337.63	394.45	473.20	520.51	535.17	542.15	277.63	395.34	277.51	546.76
Ft_L1	414.10	343.09	405.08	469.49	552.59	558.34	578.83	291.63	417.13	284.14	573.97
Ft_L2	296.06	252.07	301.90	290.17	382.42	377.55	395.67	210.81	297.10	210.21	373.70
Ft_L3	228.19	201.69	233.27	247.74	307.89	298.47	307.86	173.39	227.75	168.50	296.83
Ft_L4	176.28	162.22	176.68	203.96	249.65	244.33	251.87	140.18	181.78	134.67	245.84
Ft_Lss	155.81	142.64	143.48	186.32	222.48	220.42	224.17	123.10	156.77	114.53	219.05
Ft_D1	75.77	59.69	66.30	94.38	100.77	103.23	105.33	46.27	70.22	48.62	115.09
Ft_D2	75.64	61.11	66.69	92.46	101.13	101.74	101.07	46.12	69.54	46.76	109.74
Ft_D3	74.86	57.58	66.11	92.77	98.71	99.09	98.98	47.39	69.56	44.45	110.66
Fo_L1	58.86	47.52	53.27	72.83	77.42	82.96	81.84	37.68	56.61	35.11	89.68
Fo_L2	55.20	44.79	50.51	66.46	72.97	77.09	76.76	35.48	53.37	33.15	82.65
Fo_L3	52.47	42.87	48.30	64.11	70.11	73.44	73.00	34.10	50.29	31.79	78.32
Fo_L4	49.44	40.52	45.99	61.35	66.18	69.69	69.12	32.52	47.64	30.61	74.50
Fo_Lss	47.85	39.24	44.15	59.13	63.59	67.22	66.54	31.50	46.10	29.57	71.53
Fo_D1	58.36	46.99	52.58	72.04	76.49	81.33	80.35	37.15	55.70	34.74	87.72
Fo_D2	58.63	47.16	52.77	73.02	76.87	82.14	80.87	37.27	56.03	34.89	88.82
Fo_D3	58.70	47.18	52.83	73.38	76.85	82.32	81.01	37.30	56.03	34.92	89.03
Fv_L1	372.53	305.85	362.49	379.90	469.75	477.58	489.23	259.53	364.83	253.23	478.04
Fv_L2	242.97	205.55	247.28	222.96	314.40	300.74	320.40	172.77	244.26	169.27	292.72
Fv_L3	184.06	161.49	189.97	188.21	251.31	233.24	243.94	137.54	175.10	133.62	224.16
Fv_L4	138.86	123.24	147.78	154.39	189.38	184.25	189.53	110.12	136.06	110.26	180.70
Fv_Lss	120.67	107.23	123.13	133.26	159.22	158.97	161.74	96.12	118.34	94.19	152.94
Fv_D1	349.02	281.91	330.87	351.98	429.13	417.53	436.36	233.01	324.74	233.87	416.13
Fv_D2	360.86	288.80	339.86	387.90	445.30	446.88	456.22	240.19	338.61	240.70	449.97
Fv_D3	365.01	290.45	341.62	399.82	443.66	452.85	461.13	240.33	339.31	242.59	457.73
Fq_L1	17.30	10.28	10.68	-16.76	-5.42	2.20	-7.75	5.57	4.31	4.20	-6.25
Fq_L2	2.11	-1.74	-4.11	-0.75	4.95	0.28	1.49	-2.56	0.52	-7.79	1.67
Fq_L3	8.34	2.67	5.00	4.57	13.53	8.21	9.07	-1.76	-2.36	-3.09	5.65
Fq_L4	12.01	1.53	17.10	11.78	5.92	9.61	6.77	2.47	1.92	6.20	9.36
Fq_Lss	12.71	3.83	23.80	6.06	0.32	5.78	4.11	4.51	7.67	9.23	5.43
Fq_D1	331.62	269.21	317.16	329.63	404.85	395.63	411.38	223.88	310.22	219.99	388.75
Fq_D2	343.85	274.85	325.95	368.47	421.04	427.28	436.03	231.34	325.11	228.84	429.05
Fq_D3	348.85	280.06	328.35	380.43	421.80	436.09	443.17	230.24	325.78	233.07	436.10
QY_max	0.88	0.88	0.88	0.87	0.88	0.87	0.87	0.88	0.88	0.89	0.86
Fv/Fm_L1	0.86	0.86	0.87	0.84	0.86	0.85	0.86	0.87	0.86	0.87	0.84
Fv/Fm_L2	0.81	0.82	0.83	0.77	0.81	0.80	0.81	0.82	0.82	0.83	0.78
Fv/Fm_L3	0.77	0.78	0.79	0.74	0.78	0.76	0.77	0.79	0.77	0.80	0.74
Fv/Fm_L4	0.73	0.74	0.76	0.71	0.74	0.73	0.73	0.76	0.74	0.77	0.70
Fv/Fm_Lss	0.71	0.72	0.73	0.69	0.71	0.70	0.70	0.74	0.71	0.75	0.67
Fv/Fm_D1	0.86	0.85	0.86	0.83	0.85	0.84	0.84	0.86	0.85	0.87	0.82
Fv/Fm_D2	0.86	0.86	0.86	0.84	0.85	0.84	0.84	0.86	0.86	0.87	0.83
Fv/Fm_D3	0.86	0.86	0.86	0.84	0.85	0.85	0.84	0.86	0.86	0.87	0.83
QY_L1	0.03	0.01	0.02	-0.05	-0.02	-0.00	-0.02	-0.00	-0.00	-0.02	-0.02
QY_L2	-0.02	-0.05	-0.03	-0.04	-0.00	-0.02	-0.01	-0.05	-0.03	-0.09	-0.02
QY_L3	0.01	-0.03	-0.00	-0.01	0.02	0.00	0.00	-0.06	-0.05	-0.08	-0.00
QY_L4	0.03	-0.06	0.06	0.02	0.00	0.01	-0.01	-0.03	-0.03	-0.01	0.01
QY_Lss	0.04	-0.04	0.10	-0.02	-0.04	-0.02	-0.02	-0.05	0.00	-0.01	-0.01
QY_D1	0.81	0.81	0.82	0.78	0.80	0.79	0.79	0.82	0.81	0.81	0.77
QY_D2	0.82	0.82	0.83	0.80	0.80	0.81	0.81	0.83	0.82	0.83	0.80
QY_D3	0.82	0.83	0.83	0.80	0.81	0.82	0.82	0.82	0.82	0.84	0.80
NPQ_L1	0.14	0.17	0.13	0.27	0.18	0.16	0.17	0.15	0.14	0.17	0.19
NPQ_L2	0.67	0.68	0.60	1.03	0.68	0.71	0.69	0.67	0.64	0.69	0.82
NPQ_L3	1.12	1.05	1.00	1.32	1.02	1.13	1.15	1.05	1.18	1.10	1.27
NPQ_L4	1.70	1.61	1.48	1.73	1.57	1.60	1.71	1.54	1.69	1.48	1.75
NPQ_Lss	2.03	1.95	1.93	2.11	2.01	1.98	2.22	1.88	2.04	1.88	2.14
NPQ_D1	0.22	0.26	0.26	0.38	0.30	0.36	0.40	0.28	0.29	0.26	0.40
NPQ_D2	0.18	0.23	0.23	0.26	0.26	0.27	0.33	0.24	0.23	0.23	0.30
NPQ_D3	0.17	0.22	0.22	0.23	0.26	0.24	0.32	0.24	0.24	0.22	0.29
qN_L1	0.12	0.12	0.11	0.21	0.15	0.14	0.15	0.10	0.11	0.12	0.16
qN_L2	0.43	0.41	0.40	0.54	0.44	0.45	0.44	0.41	0.41	0.41	0.49
qN_L3	0.57	0.54	0.54	0.62	0.55	0.58	0.58	0.53	0.58	0.54	0.61
qN_L4	0.68	0.65	0.64	0.69	0.66	0.67	0.68	0.62	0.67	0.62	0.69
qN_Lss	0.72	0.70	0.71	0.73	0.72	0.71	0.72	0.67	0.72	0.68	0.74
qN_D1	0.18	0.19	0.19	0.28	0.23	0.25	0.25	0.20	0.22	0.19	0.28
qN_D2	0.15	0.17	0.17	0.20	0.20	0.19	0.21	0.17	0.18	0.16	0.22
qN_D3	0.14	0.16	0.17	0.17	0.21	0.18	0.21	0.17	0.18	0.15	0.21
qP_L1	0.04	0.01	0.02	-0.07	-0.02	-0.01	-0.03	-0.01	-0.00	-0.02	-0.03
qP_L2	-0.03	-0.07	-0.05	-0.07	-0.01	-0.03	-0.02	-0.07	-0.04	-0.12	-0.02
qP_L3	0.01	-0.06	-0.01	-0.03	0.03	-0.00	-0.01	-0.10	-0.07	-0.12	-0.01
qP_L4	0.02	-0.11	0.07	0.01	-0.01	-0.01	-0.06	-0.06	-0.06	-0.04	-0.01
qP_Lss	0.03	-0.09	0.09	-0.07	-0.09	-0.08	-0.22	-0.14	-0.03	-0.06	-0.03
qP_D1	0.95	0.96	0.96	0.94	0.95	0.93	0.95	0.96	0.96	0.94	0.94
qP_D2	0.95	0.96	0.96	0.95	0.95	0.96	0.97	0.97	0.96	0.95	0.96
qP_D3	0.96	0.96	0.96	0.95	0.95	0.97	0.97	0.96	0.96	0.96	0.96
qL_L1	0.07	-0.25	-0.06	-0.68	-0.31	-0.24	-0.37	-0.41	-0.18	-0.73	-0.34
qL_L2	-0.42	-0.95	-0.55	-0.71	-0.22	-0.40	-0.30	-1.02	-0.61	-1.43	-0.39
qL_L3	-0.28	-0.92	-0.39	-0.43	-0.13	-0.28	-0.40	-1.30	-0.74	-1.43	-0.32
qL_L4	-0.66	-1.33	-0.12	-0.48	-0.31	-0.44	-0.84	-1.07	-0.72	-1.02	-0.39
qL_Lss	-0.38	-1.22	-0.91	-0.89	-0.87	-0.90	-4.22	-1.77	-0.77	-1.35	-0.52
qL_D1	1.25	1.22	1.17	1.20	1.23	1.09	1.21	1.21	1.19	1.34	1.19
qL_D2	1.25	1.24	1.22	1.19	1.24	1.18	1.18	1.22	1.19	1.30	1.17
qL_D3	1.24	1.20	1.21	1.20	1.22	1.17	1.16	1.24	1.19	1.25	1.18
Rfd_L1	0.28	0.32	0.22	0.31	0.24	0.26	0.22	0.30	0.24	0.30	0.24
Rfd_L2	0.80	0.81	0.66	1.17	0.80	0.83	0.82	1.05	0.76	0.80	0.93
Rfd_L3	1.45	1.38	1.18	1.61	1.27	1.34	1.40	1.36	1.36	1.37	1.49
Rfd_L4	2.40	2.33	2.03	2.30	1.86	1.93	2.18	2.09	2.09	2.26	2.10
Rfd_Lss	2.72	2.62	3.20	2.58	2.30	2.33	2.54	2.62	2.65	3.38	2.68
