FluorCam7 Numeric Export File
-----------------------------------
	Area 1	Area 2	Area 3	Area 4	Area 5	Area 6	Area 7	Area 8	Area 9	Area 10	Area 11	Area 12	Area 13	Area 14	Area 15	Area 16	Area 17	Area 18
Size [pixels]	1969	1750	940	1112	1084	775	572	2626	1045	1252	335	686	401	468	504	400	252	785
Fo	96.66	131.68	60.50	67.04	91.81	122.52	124.36	45.33	78.34	98.43	50.62	81.01	45.44	112.32	84.07	88.23	63.13	62.89
Fo_gauss	96.66	131.68	60.50	67.04	91.81	122.52	124.36	45.33	78.34	98.43	50.62	81.01	45.44	112.32	84.07	88.23	63.13	62.89
Fo_median	81.91	117.20	47.60	53.43	77.43	107.98	109.72	33.97	65.37	83.39	39.01	66.33	34.56	97.15	70.02	73.55	51.41	50.44
Fm	611.38	830.24	417.30	446.08	588.31	756.32	740.11	341.37	551.47	657.78	356.95	522.29	323.86	713.26	559.83	567.50	464.53	444.93
Fv	514.71	698.57	356.80	379.04	496.50	633.80	615.76	296.04	473.13	559.35	306.32	441.28	278.42	600.95	475.76	479.27	401.39	382.04
Fp	658.02	846.95	437.43	476.72	623.42	787.72	776.45	368.59	578.20	683.13	399.28	555.52	358.09	734.21	590.56	611.48	476.74	463.81
Fp-median	604.25	789.58	390.98	427.68	569.93	732.04	721.17	322.85	523.10	628.12	344.17	502.37	312.03	678.58	539.57	556.46	431.82	415.15
Fp-gauss	791.79	994.57	553.50	602.53	758.08	932.98	922.62	488.92	719.04	824.78	533.98	694.37	480.43	873.40	721.56	748.80	580.66	584.53
Fp-average	702.01	896.44	475.91	519.86	670.49	838.68	825.94	408.39	625.68	731.78	445.82	604.19	399.48	780.26	634.70	659.37	509.86	504.66
Fm_L1	463.76	593.43	311.74	346.17	441.70	581.45	529.91	275.08	425.90	509.22	274.33	392.68	280.11	504.29	447.69	445.08	387.71	352.45
Fm_L2	311.40	416.99	217.00	223.36	293.86	392.15	364.53	177.84	304.40	346.06	189.36	275.97	176.16	367.05	311.60	307.78	264.38	234.32
Fm_L3	282.32	382.38	196.37	203.74	266.40	348.47	334.52	162.22	278.07	310.45	170.52	251.40	154.93	331.43	278.56	273.89	224.95	212.31
Fm_L4	264.47	355.15	182.81	190.96	244.59	321.70	301.27	150.49	256.08	285.88	162.27	230.97	144.74	309.56	259.49	254.96	196.99	197.15
Fm_Lss	257.21	345.14	181.39	188.76	239.37	306.22	291.86	148.80	254.36	282.71	152.18	225.94	141.09	304.52	257.61	241.80	212.43	199.19
Fm_D1	455.37	586.31	314.00	342.48	460.36	564.03	544.52	261.07	406.65	468.20	279.46	377.75	277.51	491.49	423.32	428.78	366.61	341.16
Fm_D2	504.50	673.33	354.70	383.29	505.55	625.28	613.24	289.06	445.04	524.01	301.79	420.69	305.53	557.55	473.71	481.88	407.24	380.05
Fm_D3	525.48	715.67	370.70	405.84	520.35	648.15	636.73	300.67	467.88	548.76	317.77	448.96	318.95	587.29	495.53	497.61	415.54	395.59
Ft_L1	478.48	630.09	321.95	349.98	448.71	607.36	557.10	273.13	435.72	529.17	276.40	402.43	278.82	522.61	451.18	453.31	362.16	352.56
Ft_L2	303.63	395.03	218.96	225.44	288.98	378.35	359.02	178.73	287.68	325.92	182.48	266.34	182.84	349.35	303.28	305.05	243.17	232.00
Ft_L3	274.15	356.06	190.57	204.09	258.94	337.39	321.98	158.86	257.51	290.61	163.09	239.39	159.87	309.01	268.51	270.11	187.60	203.44
Ft_L4	249.66	322.55	168.82	183.94	233.76	303.75	290.08	141.95	235.80	262.68	154.48	217.19	142.27	279.87	243.91	242.99	150.77	182.69
Ft_Lss	238.25	308.95	159.14	179.97	228.21	294.38	280.97	135.85	227.44	250.31	149.48	215.29	138.23	276.93	239.34	230.21	146.22	172.45
Ft_D1	104.92	142.67	62.88	74.72	100.83	132.31	135.56	49.23	85.41	101.93	60.09	87.24	57.28	122.84	89.78	92.96	73.04	68.46
Ft_D2	106.15	144.94	67.20	76.02	104.07	136.23	135.43	51.56	89.50	108.17	56.96	92.75	54.14	126.77	94.87	98.32	74.78	74.41
Ft_D3	105.68	145.38	68.57	72.42	103.25	134.18	136.96	50.10	89.34	107.69	57.39	88.09	54.57	124.36	93.48	97.34	75.15	71.86
Fo_L1	91.88	123.65	57.50	64.10	87.15	116.61	116.36	43.79	75.09	94.16	48.33	76.79	44.41	105.23	80.88	84.49	61.40	60.49
Fo_L2	83.44	113.44	52.89	57.81	78.98	106.07	105.59	39.89	69.89	86.31	44.40	70.57	40.20	97.43	74.75	77.60	56.92	55.35
Fo_L3	81.09	110.66	51.57	56.19	76.72	102.49	102.85	38.97	68.33	83.84	43.16	68.72	38.81	94.62	72.62	75.12	54.83	53.93
Fo_L4	79.48	108.18	50.37	55.17	74.67	100.03	99.32	38.14	66.83	81.81	42.66	67.00	37.95	92.68	71.01	73.54	52.76	52.83
Fo_Lss	78.76	107.22	50.23	54.91	74.13	98.39	98.21	37.99	66.70	81.57	41.78	66.49	37.72	92.18	70.97	72.42	53.98	52.97
Fo_D1	91.52	123.36	57.57	63.85	87.83	115.85	117.09	43.37	74.38	92.55	48.60	76.17	44.36	104.72	80.01	83.84	60.74	60.17
Fo_D2	93.42	126.91	58.92	65.25	89.39	118.37	120.09	44.16	75.67	94.65	49.18	77.89	45.08	107.49	81.79	85.81	61.88	61.37
Fo_D3	94.14	128.35	59.40	65.96	89.87	119.17	120.98	44.46	76.34	95.48	49.60	78.84	45.41	108.58	82.41	86.29	62.07	61.77
Fv_L1	371.89	469.77	254.24	282.07	354.55	464.84	413.56	231.29	350.81	415.06	226.00	315.89	235.71	399.06	366.81	360.58	326.31	291.96
Fv_L2	227.96	303.55	164.10	165.55	214.88	286.08	258.94	137.95	234.51	259.75	144.96	205.40	135.96	269.62	236.85	230.18	207.46	178.97
Fv_L3	201.23	271.72	144.80	147.55	189.69	245.98	231.66	123.25	209.74	226.61	127.36	182.68	116.12	236.81	205.94	198.76	170.12	158.38
Fv_L4	184.99	246.97	132.45	135.80	169.92	221.67	201.95	112.35	189.25	204.07	119.61	163.97	106.79	216.88	188.48	181.41	144.22	144.32
Fv_Lss	178.45	237.92	131.17	133.86	165.24	207.83	193.65	110.81	187.66	201.14	110.40	159.46	103.37	212.34	186.63	169.38	158.44	146.22
Fv_D1	363.84	462.95	256.43	278.63	372.52	448.18	427.43	217.70	332.27	375.65	230.86	301.58	233.15	386.77	343.31	344.94	305.88	280.98
Fv_D2	411.08	546.42	295.78	318.04	416.16	506.92	493.15	244.90	369.36	429.35	252.61	342.80	260.45	450.06	391.92	396.06	345.36	318.68
Fv_D3	431.34	587.32	311.30	339.88	430.49	528.98	515.75	256.21	391.54	453.28	268.17	370.12	273.54	478.71	413.12	411.32	353.47	333.81
Fq_L1	-14.71	-36.66	-10.21	-3.82	-7.01	-25.90	-27.19	1.95	-9.82	-19.95	-2.07	-9.75	1.29	-18.32	-3.49	-8.23	25.55	-0.11
Fq_L2	7.77	21.96	-1.96	-2.08	4.88	13.80	5.52	-0.89	16.72	20.14	6.88	9.63	-6.69	17.70	8.32	2.73	21.20	2.32
Fq_L3	8.17	26.32	5.79	-0.35	7.46	11.08	12.54	3.36	20.56	19.84	7.43	12.01	-4.94	22.42	10.05	3.78	37.35	8.87
Fq_L4	14.81	32.60	13.99	7.02	10.83	17.95	11.19	8.53	20.28	23.21	7.79	13.78	2.47	29.68	15.58	11.97	46.21	14.46
Fq_Lss	18.96	36.19	22.26	8.79	11.17	11.84	10.90	12.95	26.93	32.40	2.70	10.65	2.85	27.59	18.27	11.59	66.21	26.74
Fq_D1	350.44	443.65	251.12	267.77	359.52	431.72	408.96	211.84	321.23	366.27	219.37	290.51	220.23	368.65	333.54	335.82	293.58	272.69
Fq_D2	398.35	528.39	287.50	307.26	401.49	489.05	477.81	237.50	355.54	415.84	244.83	327.94	251.39	430.78	378.85	383.55	332.46	305.64
Fq_D3	419.80	570.29	302.12	333.42	417.10	513.97	499.77	250.58	378.54	441.07	260.38	360.88	264.38	462.93	402.05	400.27	340.39	323.72
QY_max	0.84	0.84	0.85	0.85	0.84	0.84	0.83	0.87	0.86	0.85	0.86	0.85	0.86	0.84	0.85	0.84	0.86	0.86
Fv/Fm_L1	0.80	0.79	0.81	0.81	0.80	0.80	0.78	0.84	0.82	0.81	0.82	0.81	0.84	0.79	0.82	0.81	0.84	0.83
Fv/Fm_L2	0.73	0.73	0.75	0.74	0.73	0.73	0.71	0.77	0.77	0.75	0.76	0.74	0.76	0.73	0.76	0.74	0.78	0.76
Fv/Fm_L3	0.71	0.71	0.73	0.72	0.71	0.70	0.69	0.75	0.75	0.73	0.74	0.73	0.74	0.71	0.74	0.72	0.75	0.74
Fv/Fm_L4	0.69	0.69	0.72	0.70	0.69	0.69	0.67	0.74	0.73	0.71	0.73	0.71	0.73	0.70	0.72	0.71	0.73	0.73
Fv/Fm_Lss	0.69	0.69	0.72	0.70	0.69	0.68	0.66	0.73	0.73	0.71	0.71	0.70	0.72	0.69	0.72	0.70	0.74	0.73
Fv/Fm_D1	0.80	0.79	0.81	0.81	0.81	0.79	0.78	0.83	0.82	0.80	0.82	0.80	0.84	0.79	0.81	0.80	0.83	0.82
Fv/Fm_D2	0.81	0.81	0.83	0.83	0.82	0.81	0.80	0.84	0.83	0.82	0.83	0.82	0.85	0.81	0.83	0.82	0.85	0.84
Fv/Fm_D3	0.82	0.82	0.84	0.84	0.83	0.81	0.81	0.85	0.84	0.83	0.84	0.83	0.86	0.81	0.83	0.83	0.85	0.84
QY_L1	-0.04	-0.07	-0.05	-0.03	-0.03	-0.05	-0.06	-0.02	-0.04	-0.05	-0.04	-0.05	-0.03	-0.05	-0.02	-0.03	0.06	-0.02
QY_L2	0.01	0.04	-0.04	-0.05	-0.00	0.02	0.00	-0.06	0.03	0.04	-0.03	-0.00	-0.10	0.03	0.01	-0.01	0.06	-0.02
QY_L3	0.01	0.06	0.00	-0.04	0.01	0.02	0.02	-0.03	0.05	0.05	-0.01	0.01	-0.10	0.05	0.02	-0.00	0.15	0.01
QY_L4	0.03	0.08	0.05	-0.00	0.02	0.04	0.02	-0.00	0.06	0.06	-0.02	0.02	-0.06	0.08	0.04	0.02	0.22	0.04
QY_Lss	0.05	0.09	0.09	0.01	0.02	0.02	0.02	0.03	0.08	0.09	-0.07	-0.00	-0.04	0.08	0.05	0.02	0.29	0.10
QY_D1	0.77	0.75	0.80	0.78	0.78	0.76	0.75	0.81	0.79	0.78	0.78	0.77	0.79	0.75	0.79	0.78	0.80	0.80
QY_D2	0.79	0.78	0.81	0.80	0.79	0.78	0.78	0.82	0.80	0.79	0.81	0.78	0.82	0.77	0.80	0.79	0.81	0.80
QY_D3	0.80	0.80	0.81	0.82	0.80	0.79	0.78	0.83	0.81	0.80	0.82	0.81	0.83	0.79	0.81	0.80	0.82	0.82
NPQ_L1	0.33	0.41	0.36	0.31	0.35	0.31	0.41	0.28	0.31	0.30	0.35	0.34	0.19	0.43	0.26	0.29	0.21	0.29
NPQ_L2	1.00	1.01	0.98	1.06	1.04	0.95	1.06	1.03	0.85	0.93	1.02	0.93	0.95	0.97	0.83	0.88	0.79	0.96
NPQ_L3	1.21	1.20	1.19	1.27	1.26	1.21	1.25	1.22	1.03	1.15	1.23	1.12	1.24	1.19	1.05	1.11	1.10	1.17
NPQ_L4	1.37	1.37	1.36	1.43	1.46	1.39	1.50	1.41	1.21	1.35	1.35	1.35	1.41	1.34	1.21	1.28	1.41	1.34
NPQ_Lss	1.43	1.44	1.38	1.46	1.53	1.52	1.58	1.44	1.22	1.38	1.58	1.41	1.48	1.39	1.22	1.41	1.24	1.32
NPQ_D1	0.36	0.43	0.35	0.33	0.30	0.36	0.37	0.35	0.38	0.42	0.33	0.40	0.20	0.47	0.34	0.34	0.28	0.33
NPQ_D2	0.22	0.24	0.19	0.18	0.18	0.22	0.22	0.21	0.26	0.27	0.25	0.26	0.09	0.29	0.20	0.19	0.15	0.19
NPQ_D3	0.17	0.17	0.14	0.12	0.15	0.18	0.17	0.16	0.19	0.21	0.19	0.17	0.04	0.22	0.14	0.15	0.12	0.15
qN_L1	0.28	0.33	0.28	0.25	0.28	0.27	0.33	0.20	0.25	0.25	0.23	0.26	0.13	0.34	0.22	0.24	0.18	0.23
qN_L2	0.56	0.57	0.54	0.56	0.57	0.56	0.59	0.53	0.50	0.54	0.52	0.52	0.51	0.56	0.51	0.52	0.49	0.53
qN_L3	0.62	0.62	0.60	0.61	0.62	0.62	0.63	0.58	0.56	0.60	0.58	0.58	0.58	0.61	0.57	0.59	0.58	0.59
qN_L4	0.65	0.66	0.63	0.64	0.66	0.66	0.68	0.62	0.60	0.64	0.61	0.62	0.62	0.65	0.61	0.63	0.65	0.63
qN_Lss	0.66	0.67	0.64	0.65	0.67	0.68	0.70	0.63	0.61	0.65	0.64	0.64	0.63	0.66	0.61	0.65	0.61	0.62
qN_D1	0.29	0.34	0.28	0.25	0.25	0.29	0.31	0.25	0.29	0.33	0.23	0.29	0.14	0.36	0.28	0.28	0.24	0.26
qN_D2	0.20	0.22	0.16	0.14	0.15	0.20	0.20	0.16	0.21	0.23	0.16	0.20	0.04	0.25	0.17	0.17	0.13	0.16
qN_D3	0.16	0.16	0.11	0.08	0.12	0.16	0.16	0.12	0.16	0.18	0.10	0.13	-0.01	0.20	0.12	0.13	0.11	0.12
qP_L1	-0.06	-0.09	-0.07	-0.04	-0.04	-0.07	-0.08	-0.03	-0.05	-0.06	-0.07	-0.06	-0.04	-0.06	-0.03	-0.04	0.07	-0.02
qP_L2	0.00	0.05	-0.06	-0.08	-0.01	0.03	-0.00	-0.10	0.03	0.05	-0.06	-0.01	-0.16	0.04	0.01	-0.02	0.08	-0.04
qP_L3	0.01	0.08	-0.01	-0.08	-0.00	0.02	0.03	-0.06	0.06	0.06	-0.05	0.00	-0.17	0.07	0.02	-0.01	0.20	-0.00
qP_L4	0.04	0.11	0.05	-0.02	0.02	0.05	0.02	-0.03	0.07	0.08	-0.06	0.00	-0.13	0.11	0.04	0.02	0.30	0.04
qP_Lss	0.07	0.13	0.11	-0.01	0.02	0.02	0.02	0.02	0.10	0.12	-0.16	-0.06	-0.10	0.10	0.06	0.01	0.39	0.12
qP_D1	0.96	0.96	0.98	0.96	0.97	0.96	0.96	0.97	0.97	0.98	0.95	0.97	0.95	0.95	0.97	0.97	0.96	0.97
qP_D2	0.97	0.97	0.97	0.97	0.97	0.96	0.97	0.97	0.96	0.97	0.97	0.96	0.97	0.96	0.97	0.97	0.96	0.96
qP_D3	0.97	0.97	0.97	0.98	0.97	0.97	0.97	0.98	0.97	0.97	0.97	0.98	0.97	0.97	0.97	0.97	0.96	0.97
qL_L1	-0.41	-0.55	-0.60	-0.42	-0.32	-0.44	-0.50	-0.57	-0.47	-0.49	-0.98	-0.62	-0.66	-0.42	-0.26	-0.34	0.26	-0.37
qL_L2	-0.17	0.07	-0.56	-0.68	-0.26	-0.01	-0.14	-1.09	-0.09	0.05	-1.01	-0.41	-1.45	0.01	-0.15	-0.29	0.17	-0.56
qL_L3	-0.17	0.12	-0.37	-0.71	-0.24	-0.08	-0.04	-0.86	-0.03	0.03	-0.85	-0.34	-1.50	0.08	-0.12	-0.26	0.43	-0.39
qL_L4	-0.10	0.20	-0.17	-0.46	-0.16	0.02	-0.12	-0.85	-0.03	0.08	-0.95	-0.45	-1.22	0.17	-0.09	-0.17	0.57	-0.31
qL_Lss	0.00	0.25	0.04	-0.43	-0.19	-0.11	-0.12	-0.63	0.07	0.18	-1.66	-0.89	-1.04	0.16	-0.04	-0.25	0.85	-0.03
qL_D1	1.10	1.10	1.06	1.12	1.10	1.09	1.10	1.09	1.09	1.07	1.12	1.08	1.22	1.11	1.09	1.07	1.14	1.10
qL_D2	1.10	1.10	1.10	1.12	1.12	1.11	1.09	1.13	1.14	1.10	1.11	1.14	1.17	1.12	1.12	1.11	1.17	1.17
qL_D3	1.09	1.10	1.12	1.08	1.12	1.09	1.09	1.11	1.13	1.09	1.11	1.08	1.17	1.10	1.10	1.10	1.16	1.13
Rfd_L1	0.40	0.36	0.40	0.41	0.42	0.31	0.41	0.42	0.35	0.31	0.55	0.43	0.35	0.42	0.33	0.37	0.34	0.36
Rfd_L2	1.24	1.19	1.11	1.24	1.25	1.13	1.20	1.39	1.09	1.16	1.51	1.21	1.15	1.16	1.02	1.07	1.03	1.13
Rfd_L3	1.49	1.44	1.44	1.52	1.54	1.40	1.48	1.62	1.35	1.44	3.78	1.47	1.52	1.45	1.29	1.35	1.70	1.48
Rfd_L4	1.76	1.70	1.84	1.81	1.82	1.68	1.76	2.02	1.60	1.72	2.07	1.83	1.85	1.74	1.52	1.65	2.62	1.81
Rfd_Lss	1.89	1.82	2.02	1.97	1.89	1.78	1.88	2.23	1.71	1.87	2.27	1.83	1.96	1.75	1.58	1.79	2.57	1.99
