FluorCam7 Numeric Export File
-----------------------------------
	Area 1	Area 2	Area 3	Area 4	Area 5	Area 6	Area 7	Area 8	Area 9	Area 10	Area 11	Area 12	Area 13
Size [pixels]	2288	945	2155	1748	1872	1655	890	1560	572	1191	660	1903	1442
Fo	94.25	100.25	101.76	120.85	84.98	61.69	31.66	94.25	120.52	71.17	124.16	51.27	61.81
Fo_gauss	94.25	100.25	101.76	120.85	84.98	61.69	31.66	94.25	120.52	71.17	124.16	51.27	61.81
Fo_median	80.86	86.00	87.58	105.98	71.48	49.62	21.68	80.55	105.35	57.67	109.17	39.11	48.92
Fm	766.62	819.07	812.39	923.39	686.46	525.13	307.96	765.07	910.09	601.48	931.90	457.02	549.01
Fv	672.37	718.82	710.63	802.54	601.48	463.44	276.30	670.82	789.57	530.31	807.74	405.75	487.20
Fp	789.70	847.03	837.39	962.94	720.90	544.00	337.94	785.22	917.43	619.04	954.59	496.08	580.30
Fp-median	734.61	786.95	779.61	898.88	669.15	498.30	297.08	731.65	859.85	581.06	895.03	446.18	529.02
Fp-gauss	937.00	1002.39	991.79	1124.24	859.70	668.12	446.44	931.04	1059.73	756.21	1112.84	631.03	715.96
Fp-average	840.82	902.57	890.82	1017.98	769.32	588.11	374.59	834.99	966.12	671.69	1013.01	542.91	626.43
Fm_L1	685.25	749.21	727.55	829.53	617.73	479.19	268.18	660.48	834.88	547.04	824.21	412.27	496.52
Fm_L2	512.14	530.44	474.97	534.48	434.29	334.78	201.15	436.90	650.08	403.73	542.56	321.54	388.73
Fm_L3	435.12	450.56	411.28	469.18	364.41	269.79	171.60	375.25	507.59	324.11	464.42	270.47	319.53
Fm_L4	381.23	395.92	353.85	404.24	309.20	230.64	150.18	314.80	427.34	274.14	401.55	233.16	274.23
Fm_Lss	357.15	369.20	329.53	373.61	285.17	208.57	142.10	287.06	385.04	253.55	360.36	216.41	257.46
Fm_D1	593.44	641.47	627.87	742.79	553.60	442.42	242.43	606.18	745.53	501.25	759.35	364.75	422.69
Fm_D2	634.27	686.86	674.01	779.27	585.59	461.29	257.16	638.43	796.99	521.25	803.47	383.40	458.35
Fm_D3	647.87	699.10	683.13	795.63	592.51	464.95	260.57	643.40	799.43	528.10	803.86	388.13	463.73
Ft_L1	669.78	722.29	705.04	819.53	603.70	455.24	263.84	655.62	795.84	523.25	810.83	402.58	482.21
Ft_L2	503.39	533.72	471.04	535.91	427.13	336.96	198.56	424.57	632.82	393.07	539.35	308.13	386.64
Ft_L3	408.43	426.47	384.74	443.94	353.32	269.63	158.95	349.37	475.59	316.01	440.73	251.73	306.25
Ft_L4	341.94	352.68	323.17	369.82	292.00	218.82	127.12	299.30	379.41	253.81	377.65	214.93	261.38
Ft_Lss	317.01	329.03	296.27	340.40	268.89	189.79	110.22	262.23	329.41	227.79	337.73	197.77	239.42
Ft_D1	112.44	120.91	116.80	141.91	101.32	75.48	38.83	113.81	140.43	88.04	150.45	61.56	75.97
Ft_D2	118.84	124.88	122.94	144.25	105.78	74.89	40.56	115.88	145.37	89.30	151.13	64.63	76.96
Ft_D3	118.39	121.03	120.62	145.35	103.48	73.17	39.70	116.46	144.87	86.06	149.55	62.38	76.24
Fo_L1	92.86	99.12	100.27	119.07	83.79	60.98	31.12	92.40	119.09	70.33	122.02	50.62	61.05
Fo_L2	88.64	93.81	93.20	110.08	79.05	57.63	29.75	86.01	114.30	67.07	113.06	48.77	58.89
Fo_L3	85.94	90.88	90.36	106.95	76.29	55.19	28.87	83.19	108.82	64.34	109.20	47.31	56.92
Fo_L4	83.51	88.29	87.10	103.07	73.41	53.20	28.13	79.64	104.49	61.97	105.17	45.89	55.18
Fo_Lss	82.25	86.84	85.54	100.84	71.89	51.84	27.74	77.70	101.72	60.73	102.02	45.15	54.41
Fo_D1	90.89	96.89	98.03	117.02	82.42	60.30	30.65	91.22	117.03	69.45	120.46	49.77	59.67
Fo_D2	91.83	97.88	99.13	117.90	83.14	60.67	30.92	91.94	118.26	69.85	121.52	50.12	60.38
Fo_D3	92.12	98.15	99.34	118.29	83.30	60.71	31.02	92.03	118.34	69.95	121.52	50.20	60.48
Fv_L1	592.39	650.09	627.29	710.46	533.94	418.21	237.06	568.08	715.79	476.71	702.19	361.64	435.48
Fv_L2	423.50	436.63	381.77	424.40	355.25	277.15	171.40	350.88	535.78	336.66	429.49	272.76	329.84
Fv_L3	349.18	359.68	320.92	362.23	288.12	214.60	142.73	292.07	398.77	259.77	355.22	223.17	262.61
Fv_L4	297.73	307.63	266.74	301.17	235.80	177.44	122.04	235.17	322.85	212.17	296.38	187.27	219.05
Fv_Lss	274.90	282.36	243.99	272.77	213.28	156.73	114.36	209.36	283.32	192.81	258.34	171.26	203.05
Fv_D1	502.56	544.58	529.85	625.77	471.18	382.12	211.78	514.96	628.50	431.80	638.89	314.98	363.02
Fv_D2	542.43	588.98	574.88	661.37	502.45	400.63	226.24	546.49	678.73	451.40	681.95	333.29	397.97
Fv_D3	555.75	600.95	583.79	677.34	509.21	404.24	229.55	551.37	681.09	458.15	682.34	337.93	403.24
Fq_L1	15.47	26.92	22.51	10.00	14.03	23.95	4.34	4.86	39.04	23.78	13.38	9.69	14.31
Fq_L2	8.75	-3.28	3.93	-1.43	7.16	-2.17	2.59	12.32	17.27	10.66	3.20	13.40	2.09
Fq_L3	26.68	24.09	26.54	25.23	11.09	0.17	12.64	25.88	32.00	8.10	23.69	18.75	13.29
Fq_L4	39.29	43.24	30.68	34.43	17.20	11.82	23.06	15.51	47.93	20.33	23.90	18.23	12.85
Fq_Lss	40.14	40.16	33.26	33.21	16.29	18.78	31.88	24.83	55.63	25.76	22.64	18.64	18.04
Fq_D1	481.00	520.57	511.08	600.89	452.28	366.95	203.59	492.38	605.11	413.20	608.90	303.19	346.72
Fq_D2	515.42	561.98	551.07	635.01	479.81	386.40	216.60	522.55	651.62	431.95	652.34	318.78	381.38
Fq_D3	529.48	578.07	562.51	650.28	489.02	391.78	220.87	526.94	654.56	442.04	654.31	325.75	387.49
QY_max	0.88	0.88	0.87	0.87	0.88	0.88	0.90	0.88	0.87	0.88	0.87	0.89	0.89
Fv/Fm_L1	0.86	0.87	0.86	0.86	0.86	0.87	0.88	0.86	0.86	0.87	0.85	0.88	0.88
Fv/Fm_L2	0.83	0.82	0.80	0.79	0.82	0.83	0.85	0.80	0.82	0.83	0.79	0.85	0.85
Fv/Fm_L3	0.80	0.80	0.78	0.77	0.79	0.79	0.83	0.78	0.78	0.80	0.76	0.82	0.82
Fv/Fm_L4	0.78	0.77	0.75	0.74	0.76	0.77	0.81	0.74	0.75	0.77	0.74	0.80	0.80
Fv/Fm_Lss	0.77	0.76	0.74	0.73	0.74	0.75	0.80	0.73	0.73	0.76	0.71	0.79	0.78
Fv/Fm_D1	0.85	0.85	0.84	0.84	0.85	0.86	0.87	0.85	0.84	0.86	0.84	0.86	0.86
Fv/Fm_D2	0.85	0.86	0.85	0.85	0.86	0.87	0.88	0.86	0.85	0.87	0.85	0.87	0.87
Fv/Fm_D3	0.86	0.86	0.85	0.85	0.86	0.87	0.88	0.86	0.85	0.87	0.85	0.87	0.87
QY_L1	0.02	0.03	0.02	0.01	0.02	0.04	-0.01	0.00	0.04	0.04	0.01	0.01	0.02
QY_L2	0.01	-0.02	-0.00	-0.01	0.00	-0.02	-0.02	0.02	0.02	0.01	-0.00	0.02	-0.01
QY_L3	0.05	0.04	0.05	0.04	0.02	-0.02	0.03	0.06	0.06	0.01	0.04	0.05	0.02
QY_L4	0.09	0.10	0.07	0.07	0.04	0.03	0.11	0.03	0.10	0.06	0.05	0.05	0.03
QY_Lss	0.10	0.10	0.08	0.08	0.04	0.07	0.19	0.07	0.14	0.08	0.05	0.05	0.05
QY_D1	0.81	0.81	0.81	0.81	0.82	0.83	0.84	0.81	0.81	0.82	0.80	0.83	0.82
QY_D2	0.81	0.82	0.82	0.81	0.82	0.84	0.84	0.82	0.82	0.83	0.81	0.83	0.83
QY_D3	0.82	0.83	0.82	0.82	0.82	0.84	0.85	0.82	0.82	0.84	0.81	0.84	0.83
NPQ_L1	0.13	0.10	0.13	0.12	0.12	0.10	0.18	0.17	0.09	0.11	0.14	0.13	0.12
NPQ_L2	0.51	0.56	0.73	0.74	0.60	0.60	0.58	0.77	0.41	0.51	0.73	0.45	0.43
NPQ_L3	0.78	0.84	1.00	0.99	0.91	0.99	0.88	1.07	0.81	0.89	1.03	0.73	0.75
NPQ_L4	1.04	1.10	1.34	1.31	1.26	1.34	1.16	1.47	1.15	1.24	1.35	1.02	1.05
NPQ_Lss	1.18	1.25	1.51	1.51	1.45	1.59	1.28	1.71	1.39	1.43	1.62	1.19	1.19
NPQ_D1	0.30	0.29	0.31	0.25	0.25	0.20	0.31	0.27	0.23	0.21	0.23	0.28	0.31
NPQ_D2	0.22	0.20	0.22	0.19	0.18	0.15	0.23	0.21	0.15	0.17	0.17	0.21	0.21
NPQ_D3	0.19	0.18	0.20	0.17	0.17	0.14	0.21	0.20	0.14	0.15	0.17	0.20	0.20
qN_L1	0.11	0.09	0.11	0.11	0.11	0.09	0.13	0.15	0.09	0.10	0.13	0.09	0.10
qN_L2	0.37	0.39	0.46	0.48	0.41	0.40	0.37	0.48	0.32	0.36	0.47	0.32	0.32
qN_L3	0.48	0.50	0.55	0.55	0.52	0.54	0.48	0.57	0.50	0.51	0.57	0.45	0.46
qN_L4	0.56	0.58	0.63	0.63	0.61	0.62	0.56	0.65	0.60	0.60	0.64	0.54	0.55
qN_Lss	0.60	0.61	0.66	0.67	0.65	0.67	0.58	0.69	0.65	0.64	0.69	0.58	0.58
qN_D1	0.25	0.24	0.25	0.22	0.21	0.17	0.22	0.23	0.20	0.18	0.21	0.21	0.25
qN_D2	0.19	0.18	0.19	0.17	0.16	0.13	0.17	0.18	0.14	0.14	0.15	0.17	0.17
qN_D3	0.17	0.16	0.18	0.15	0.15	0.12	0.16	0.17	0.14	0.13	0.15	0.15	0.16
qP_L1	0.02	0.03	0.03	0.01	0.02	0.05	-0.01	0.00	0.05	0.04	0.01	0.01	0.02
qP_L2	0.01	-0.02	-0.00	-0.02	0.00	-0.03	-0.03	0.02	0.02	0.02	-0.00	0.02	-0.01
qP_L3	0.06	0.05	0.06	0.05	0.02	-0.03	0.02	0.07	0.07	0.01	0.05	0.05	0.02
qP_L4	0.11	0.12	0.09	0.09	0.05	0.03	0.13	0.04	0.14	0.07	0.06	0.05	0.03
qP_Lss	0.12	0.12	0.11	0.10	0.05	0.08	0.22	0.09	0.18	0.10	0.06	0.06	0.05
qP_D1	0.96	0.96	0.96	0.96	0.96	0.96	0.96	0.96	0.96	0.96	0.95	0.96	0.96
qP_D2	0.95	0.95	0.96	0.96	0.96	0.96	0.96	0.96	0.96	0.96	0.96	0.96	0.96
qP_D3	0.95	0.96	0.96	0.96	0.96	0.97	0.96	0.96	0.96	0.97	0.96	0.97	0.96
qL_L1	0.05	0.17	0.11	-0.02	0.05	0.25	-0.55	-0.08	0.28	0.20	0.02	-0.18	0.00
qL_L2	-0.05	-0.23	-0.15	-0.18	-0.12	-0.37	-0.74	-0.03	0.07	-0.07	-0.10	-0.11	-0.27
qL_L3	0.17	0.12	0.13	0.12	-0.06	-0.37	-0.56	0.17	0.26	-0.16	0.10	-0.04	-0.10
qL_L4	0.34	0.35	0.17	0.22	0.00	-0.14	-0.06	-0.02	0.40	0.08	0.12	-0.14	-0.11
qL_Lss	0.35	0.33	0.20	0.22	-0.01	-0.01	0.27	0.13	0.50	0.12	0.09	-0.16	-0.04
qL_D1	1.18	1.20	1.15	1.17	1.18	1.21	1.24	1.20	1.15	1.24	1.19	1.21	1.22
qL_D2	1.23	1.22	1.19	1.18	1.22	1.21	1.31	1.21	1.18	1.25	1.19	1.25	1.24
qL_D3	1.23	1.19	1.17	1.18	1.20	1.18	1.30	1.22	1.18	1.20	1.18	1.22	1.22
Rfd_L1	0.19	0.18	0.20	0.19	0.21	0.22	0.34	0.21	0.16	0.21	0.19	0.26	0.22
Rfd_L2	0.59	0.61	0.81	0.83	0.72	0.66	0.82	0.88	0.47	0.62	0.79	0.67	0.54
Rfd_L3	0.97	1.03	1.23	1.21	1.09	1.09	1.46	1.30	0.96	1.04	1.21	1.07	0.96
Rfd_L4	1.37	1.47	1.67	1.67	1.56	1.62	2.29	1.71	1.47	1.58	1.58	1.47	1.32
Rfd_Lss	1.56	1.66	1.94	1.91	1.78	2.08	3.32	2.13	1.86	1.98	1.90	1.71	1.55
