FluorCam7 Numeric Export File
-----------------------------------
	Area 1	Area 2	Area 3	Area 4	Area 5	Area 6	Area 7	Area 8	Area 9	Area 10	Area 11	Area 12	Area 13	Area 14
Size [pixels]	2570	1865	1507	5742	2224	2874	1233	688	448	678	579	359	346	408
Fo	60.09	81.53	100.69	43.01	40.41	87.20	37.16	63.29	68.01	101.94	45.93	77.76	85.24	94.32
Fo_gauss	60.09	81.53	100.69	43.01	40.41	87.20	37.16	63.29	68.01	101.94	45.93	77.76	85.24	94.32
Fo_median	47.53	67.68	85.81	31.54	29.90	72.32	26.59	49.50	54.06	84.37	33.17	61.63	70.82	79.60
Fm	503.95	641.31	758.76	379.67	362.92	672.48	336.50	515.85	542.96	768.66	385.66	614.07	665.18	694.57
Fv	443.87	559.78	658.08	336.66	322.51	585.28	299.35	452.56	474.95	666.72	339.74	536.32	579.94	600.25
Fp	545.70	677.56	786.79	404.94	387.91	706.26	365.83	543.23	582.67	791.61	417.27	647.57	697.19	718.96
Fp-median	497.23	629.46	726.62	357.59	349.74	646.00	322.69	493.04	521.15	722.40	370.45	576.01	641.64	662.74
Fp-gauss	679.63	819.56	939.10	533.14	509.55	848.99	482.92	678.15	721.62	951.33	546.28	797.79	843.49	866.36
Fp-average	593.82	730.33	840.98	452.55	433.37	757.34	409.11	594.78	630.24	853.40	463.41	705.94	752.83	772.06
Fm_L1	456.53	576.72	615.46	343.58	328.99	584.98	305.43	460.98	469.60	664.94	340.76	524.13	563.99	607.56
Fm_L2	331.67	434.24	407.39	253.32	243.65	402.14	219.77	318.35	334.93	459.75	237.44	384.21	406.00	436.86
Fm_L3	275.54	339.10	332.42	203.66	192.93	319.14	178.67	262.39	274.80	397.89	205.75	318.44	349.01	321.66
Fm_L4	230.73	278.55	273.01	171.07	161.54	263.59	151.15	220.12	240.67	352.64	179.34	265.66	300.16	256.05
Fm_Lss	207.48	246.82	246.80	154.18	146.81	236.68	139.51	198.80	219.64	325.18	162.94	238.20	280.51	227.69
Fm_D1	423.28	530.03	589.86	312.86	311.39	531.88	270.93	418.72	406.74	563.08	301.00	508.32	489.04	515.30
Fm_D2	445.15	545.19	627.06	325.25	321.18	563.90	291.27	449.95	446.90	639.21	340.86	517.78	537.75	558.84
Fm_D3	446.47	544.74	635.51	324.67	320.92	571.00	292.19	453.40	453.13	647.67	347.10	518.76	554.54	575.03
Ft_L1	455.30	578.22	632.56	334.01	323.82	592.95	298.20	455.32	472.98	674.03	337.89	544.07	577.49	611.81
Ft_L2	328.90	432.62	400.09	255.78	254.70	404.20	231.76	327.24	327.27	456.50	242.06	377.55	401.66	439.77
Ft_L3	272.66	331.99	320.74	206.04	193.95	311.73	181.60	262.72	266.35	388.74	202.62	310.90	339.18	319.51
Ft_L4	232.20	272.95	269.60	174.35	159.43	260.64	145.03	220.47	233.09	333.29	178.01	263.01	296.98	253.21
Ft_Lss	209.53	242.82	243.61	151.20	135.83	231.98	126.20	197.31	209.10	306.69	163.41	232.63	273.80	223.35
Ft_D1	83.31	104.31	124.81	54.93	51.90	107.42	47.36	83.59	93.59	124.48	59.43	101.78	110.38	117.79
Ft_D2	79.06	100.67	122.92	54.59	52.25	105.92	48.14	81.02	88.46	126.87	58.47	103.05	108.93	110.04
Ft_D3	77.83	98.71	122.00	53.11	50.88	105.23	47.25	79.47	86.67	125.93	57.31	100.12	110.17	114.32
Fo_L1	59.30	80.33	97.49	42.47	39.93	85.47	36.72	62.34	66.70	99.79	45.19	76.07	83.29	92.47
Fo_L2	56.35	76.65	89.93	40.48	38.12	79.84	34.88	58.55	62.82	93.32	42.44	72.04	78.56	86.91
Fo_L3	54.32	72.87	85.47	38.77	36.43	75.67	33.42	56.20	60.07	90.37	41.12	69.19	76.06	80.91
Fo_L4	52.17	69.40	80.61	37.24	34.98	71.82	32.20	53.83	58.09	87.72	39.84	66.24	73.31	75.65
Fo_Lss	50.79	67.12	77.92	36.26	34.13	69.23	31.53	52.35	56.58	85.91	38.84	64.14	71.99	72.86
Fo_D1	58.67	79.12	96.29	41.89	39.61	83.33	36.07	61.44	64.96	97.05	44.28	75.53	81.33	89.72
Fo_D2	59.12	79.42	97.11	42.11	39.77	84.33	36.46	62.11	66.06	99.15	45.15	75.79	82.68	90.98
Fo_D3	59.13	79.40	97.34	42.09	39.78	84.55	36.46	62.21	66.21	99.39	45.24	75.79	83.03	91.49
Fv_L1	397.23	496.39	517.97	301.11	289.06	499.51	268.71	398.65	402.90	565.15	295.57	448.06	480.69	515.09
Fv_L2	275.32	357.59	317.46	212.84	205.54	322.30	184.89	259.81	272.11	366.43	195.01	312.17	327.45	349.96
Fv_L3	221.22	266.22	246.95	164.89	156.51	243.47	145.25	206.19	214.73	307.51	164.63	249.25	272.96	240.74
Fv_L4	178.56	209.15	192.41	133.83	126.56	191.77	118.95	166.29	182.58	264.91	139.50	199.42	226.85	180.40
Fv_Lss	156.69	179.69	168.87	117.92	112.68	167.45	107.98	146.45	163.06	239.27	124.10	174.05	208.51	154.83
Fv_D1	364.60	450.91	493.57	270.97	271.78	448.56	234.86	357.28	341.78	466.03	256.72	432.79	407.70	425.58
Fv_D2	386.04	465.77	529.96	283.14	281.42	479.57	254.81	387.84	380.84	540.05	295.71	441.99	455.07	467.86
Fv_D3	387.34	465.34	538.18	282.58	281.14	486.45	255.72	391.19	386.92	548.28	301.87	442.97	471.50	483.54
Fq_L1	1.23	-1.50	-17.10	9.57	5.16	-7.97	7.23	5.67	-3.39	-9.09	2.87	-19.94	-13.50	-4.25
Fq_L2	2.76	1.62	7.30	-2.46	-11.04	-2.06	-11.99	-8.89	7.66	3.24	-4.61	6.67	4.35	-2.90
Fq_L3	2.87	7.11	11.67	-2.38	-1.02	7.41	-2.93	-0.32	8.45	9.15	3.13	7.54	9.84	2.14
Fq_L4	-1.47	5.60	3.42	-3.28	2.11	2.95	6.12	-0.35	7.58	19.34	1.33	2.65	3.18	2.85
Fq_Lss	-2.05	4.00	3.19	2.98	10.98	4.70	13.31	1.49	10.54	18.49	-0.46	5.57	6.71	4.34
Fq_D1	339.97	425.72	465.05	257.93	259.48	424.46	223.58	335.13	313.15	438.60	241.56	406.54	378.66	397.51
Fq_D2	366.09	444.52	504.14	270.66	268.94	457.99	243.13	368.93	358.44	512.34	282.40	414.72	428.82	448.80
Fq_D3	368.63	446.03	513.51	271.56	270.04	465.78	244.94	373.92	366.46	521.73	289.79	418.64	444.37	460.71
QY_max	0.88	0.87	0.87	0.89	0.89	0.87	0.89	0.88	0.87	0.87	0.88	0.87	0.87	0.86
Fv/Fm_L1	0.87	0.86	0.84	0.87	0.88	0.85	0.88	0.86	0.86	0.85	0.87	0.85	0.85	0.85
Fv/Fm_L2	0.83	0.82	0.78	0.84	0.84	0.80	0.84	0.81	0.81	0.80	0.82	0.81	0.80	0.80
Fv/Fm_L3	0.80	0.78	0.74	0.80	0.81	0.76	0.81	0.78	0.78	0.77	0.79	0.78	0.78	0.75
Fv/Fm_L4	0.77	0.75	0.70	0.77	0.78	0.72	0.78	0.75	0.76	0.75	0.77	0.75	0.75	0.70
Fv/Fm_Lss	0.75	0.72	0.67	0.75	0.76	0.70	0.76	0.73	0.74	0.73	0.75	0.72	0.74	0.67
Fv/Fm_D1	0.86	0.85	0.83	0.86	0.87	0.83	0.86	0.85	0.84	0.83	0.85	0.85	0.83	0.82
Fv/Fm_D2	0.87	0.85	0.83	0.87	0.87	0.84	0.87	0.86	0.85	0.84	0.86	0.85	0.85	0.84
Fv/Fm_D3	0.87	0.85	0.84	0.87	0.87	0.84	0.87	0.86	0.85	0.85	0.87	0.85	0.85	0.84
QY_L1	-0.01	-0.01	-0.04	0.01	-0.00	-0.02	0.00	0.00	-0.02	-0.02	-0.01	-0.05	-0.03	-0.02
QY_L2	-0.01	-0.01	0.00	-0.04	-0.07	-0.02	-0.09	-0.05	0.00	-0.00	-0.05	0.00	-0.00	-0.02
QY_L3	-0.01	0.00	0.02	-0.05	-0.04	-0.00	-0.06	-0.02	0.00	0.01	-0.03	-0.00	0.01	-0.01
QY_L4	-0.03	-0.01	-0.02	-0.07	-0.03	-0.02	-0.01	-0.03	0.01	0.04	-0.04	-0.02	-0.01	-0.01
QY_Lss	-0.04	-0.02	-0.01	-0.04	0.03	-0.03	0.05	-0.02	0.02	0.04	-0.06	0.01	0.01	-0.01
QY_D1	0.80	0.80	0.79	0.82	0.83	0.80	0.82	0.80	0.77	0.78	0.80	0.80	0.77	0.77
QY_D2	0.82	0.81	0.80	0.83	0.83	0.81	0.83	0.82	0.80	0.80	0.82	0.80	0.80	0.80
QY_D3	0.82	0.82	0.80	0.83	0.84	0.81	0.84	0.82	0.81	0.80	0.83	0.81	0.80	0.80
NPQ_L1	0.12	0.12	0.25	0.13	0.13	0.17	0.12	0.13	0.17	0.17	0.15	0.18	0.19	0.15
NPQ_L2	0.55	0.50	0.91	0.55	0.53	0.73	0.58	0.65	0.66	0.69	0.68	0.63	0.65	0.61
NPQ_L3	0.87	0.93	1.35	0.96	0.95	1.21	0.97	1.01	1.04	0.96	0.95	0.99	0.93	1.20
NPQ_L4	1.24	1.37	1.94	1.36	1.36	1.72	1.33	1.41	1.33	1.23	1.25	1.40	1.26	1.79
NPQ_Lss	1.51	1.69	2.29	1.64	1.62	2.27	1.56	1.69	1.57	1.42	1.50	1.70	1.41	2.18
NPQ_D1	0.21	0.23	0.42	0.26	0.19	0.49	0.27	0.25	0.37	0.39	0.32	0.27	0.37	0.37
NPQ_D2	0.15	0.20	0.39	0.22	0.15	0.35	0.18	0.16	0.24	0.22	0.15	0.25	0.24	0.26
NPQ_D3	0.14	0.20	0.40	0.22	0.16	0.33	0.18	0.15	0.22	0.20	0.13	0.26	0.21	0.23
qN_L1	0.10	0.10	0.21	0.09	0.09	0.14	0.09	0.11	0.14	0.15	0.12	0.15	0.16	0.13
qN_L2	0.38	0.36	0.52	0.36	0.36	0.45	0.38	0.43	0.42	0.45	0.42	0.42	0.43	0.41
qN_L3	0.50	0.53	0.63	0.51	0.51	0.59	0.51	0.55	0.55	0.54	0.51	0.54	0.53	0.60
qN_L4	0.60	0.63	0.71	0.60	0.61	0.68	0.60	0.64	0.61	0.61	0.59	0.63	0.61	0.70
qN_Lss	0.65	0.68	0.75	0.65	0.65	0.72	0.64	0.68	0.66	0.65	0.64	0.68	0.64	0.75
qN_D1	0.17	0.18	0.25	0.19	0.15	0.24	0.21	0.21	0.27	0.30	0.24	0.19	0.29	0.28
qN_D2	0.12	0.15	0.19	0.15	0.12	0.18	0.14	0.14	0.19	0.19	0.12	0.18	0.21	0.20
qN_D3	0.12	0.15	0.18	0.15	0.12	0.17	0.13	0.13	0.18	0.18	0.10	0.18	0.18	0.17
qP_L1	-0.01	-0.01	-0.05	0.01	-0.01	-0.03	0.00	0.00	-0.03	-0.03	-0.01	-0.06	-0.04	-0.02
qP_L2	-0.01	-0.01	-0.00	-0.06	-0.09	-0.03	-0.11	-0.06	-0.00	-0.01	-0.08	-0.00	-0.01	-0.03
qP_L3	-0.02	-0.00	0.02	-0.08	-0.06	-0.02	-0.09	-0.03	-0.01	0.01	-0.05	-0.02	0.01	-0.02
qP_L4	-0.05	-0.02	-0.04	-0.12	-0.06	-0.04	-0.03	-0.05	0.00	0.04	-0.07	-0.03	-0.02	-0.03
qP_Lss	-0.07	-0.03	-0.04	-0.08	0.02	-0.13	0.04	-0.05	0.01	0.05	-0.10	-0.00	0.00	-0.04
qP_D1	0.93	0.95	0.96	0.95	0.96	0.97	0.95	0.94	0.92	0.94	0.94	0.94	0.93	0.94
qP_D2	0.95	0.96	0.97	0.96	0.96	0.97	0.96	0.95	0.94	0.95	0.96	0.95	0.94	0.96
qP_D3	0.95	0.96	0.95	0.96	0.96	0.97	0.96	0.96	0.95	0.95	0.96	0.96	0.94	0.96
qL_L1	-0.25	-0.23	-0.40	-0.25	-0.36	-0.36	-0.39	-0.12	-0.41	-0.27	-0.33	-0.55	-0.40	-0.23
qL_L2	-0.30	-0.22	-0.18	-0.82	-1.07	-0.39	-1.36	-0.60	-0.26	-0.18	-0.89	-0.17	-0.16	-0.29
qL_L3	-0.35	-0.21	-0.09	-0.98	-0.84	-0.37	-1.23	-0.44	-0.40	-0.09	-0.65	-0.33	-0.12	-0.31
qL_L4	-0.54	-0.33	-0.38	-1.28	-0.89	-0.56	-0.81	-0.55	-0.27	-0.01	-0.77	-0.40	-0.30	-0.35
qL_Lss	-0.66	-0.42	-0.39	-1.08	-0.58	-1.02	-0.51	-0.56	-0.33	0.03	-1.05	-0.29	-0.19	-0.45
qL_D1	1.34	1.27	1.21	1.26	1.26	1.21	1.29	1.28	1.34	1.20	1.26	1.25	1.25	1.23
qL_D2	1.28	1.23	1.19	1.26	1.28	1.20	1.31	1.25	1.28	1.21	1.27	1.26	1.24	1.19
qL_D3	1.27	1.22	1.02	1.23	1.25	1.18	1.28	1.24	1.26	1.20	1.25	1.24	1.24	1.21
Rfd_L1	0.22	0.19	0.26	0.26	0.24	0.23	0.27	0.21	0.28	0.20	0.28	0.22	0.23	0.19
Rfd_L2	0.71	0.62	1.02	0.68	0.59	0.86	0.67	0.70	0.86	0.81	0.82	0.77	0.77	0.67
Rfd_L3	1.08	1.12	1.56	1.13	1.16	1.45	1.19	1.18	1.33	1.14	1.19	1.20	1.11	1.35
Rfd_L4	1.48	1.60	2.13	1.63	1.76	2.02	1.91	1.63	1.67	1.48	1.55	1.63	1.42	2.01
Rfd_Lss	1.76	1.95	2.59	2.16	2.35	2.65	2.44	2.02	2.02	1.72	1.93	2.07	1.65	2.47
