FluorCam7 Numeric Export File
-----------------------------------
	Area 1	Area 2	Area 3	Area 4	Area 5	Area 6	Area 7	Area 8	Area 9
Size [pixels]	7007	1790	3828	1555	763	566	455	732	230
Fo	73.22	74.63	60.56	89.90	77.77	92.13	78.59	58.48	54.06
Fo_gauss	73.22	74.63	60.56	89.90	77.77	92.13	78.59	58.48	54.06
Fo_median	59.75	59.99	47.95	75.64	62.60	72.51	60.29	45.52	39.08
Fm	604.61	621.37	518.55	698.08	565.04	643.52	535.21	458.93	442.51
Fv	531.39	546.73	457.99	608.18	487.27	551.39	456.63	400.45	388.45
Fp	642.83	651.43	546.98	726.32	593.14	658.87	552.73	471.02	467.31
Fp-median	589.02	593.03	500.41	673.74	537.33	587.13	487.80	434.53	405.89
Fp-gauss	785.91	799.38	670.26	868.93	731.63	814.96	701.01	612.56	611.44
Fp-average	694.26	706.33	590.82	776.99	646.31	724.13	615.33	530.98	525.84
Fm_L1	521.77	524.53	477.88	594.75	511.27	560.66	468.70	412.79	386.77
Fm_L2	371.50	369.47	365.84	406.68	352.23	375.91	317.39	292.45	271.44
Fm_L3	319.40	323.12	286.64	318.54	257.63	308.91	257.93	222.20	225.54
Fm_L4	264.54	280.20	236.95	261.00	211.22	270.99	226.29	182.11	202.08
Fm_Lss	232.14	258.69	217.64	231.76	192.39	254.23	216.94	163.25	190.95
Fm_D1	477.39	443.26	382.63	551.14	449.13	479.06	395.70	351.19	332.04
Fm_D2	489.78	495.76	444.01	578.47	488.55	522.61	436.00	361.42	366.78
Fm_D3	491.67	506.57	453.11	575.20	496.57	535.79	439.09	367.35	372.71
Ft_L1	537.46	543.64	465.24	606.25	509.06	562.37	473.15	407.05	389.18
Ft_L2	365.71	364.57	373.51	403.31	358.72	377.53	318.81	297.14	280.78
Ft_L3	307.11	310.38	286.83	312.05	259.18	302.50	248.04	226.73	206.46
Ft_L4	261.79	274.97	231.90	258.85	207.63	263.70	222.85	176.50	195.37
Ft_Lss	229.37	253.66	208.69	232.24	181.83	241.36	206.50	154.02	180.85
Ft_D1	97.07	94.23	76.57	115.34	99.54	109.60	85.00	68.34	60.07
Ft_D2	95.74	96.51	81.97	111.31	98.68	110.49	85.77	64.06	74.69
Ft_D3	92.80	96.50	80.20	111.98	98.64	107.53	84.32	63.56	74.06
Fo_L1	71.78	72.93	59.94	87.86	76.63	90.10	76.90	57.50	53.04
Fo_L2	67.78	68.65	57.56	81.99	71.53	83.23	71.08	54.13	49.74
Fo_L3	65.71	66.76	55.00	77.46	66.26	79.19	67.40	50.89	47.81
Fo_L4	62.82	64.56	52.68	73.40	62.40	76.24	64.81	48.21	46.29
Fo_Lss	60.66	63.32	51.61	70.71	60.47	74.54	63.98	46.26	45.57
Fo_D1	70.81	71.01	57.99	86.80	74.92	87.30	74.40	55.23	51.38
Fo_D2	71.09	72.32	59.33	87.50	76.00	88.66	75.68	55.16	52.13
Fo_D3	71.13	72.53	59.50	87.43	76.21	89.16	75.81	55.28	52.28
Fv_L1	449.99	451.61	417.94	506.89	434.64	470.56	391.79	355.29	333.73
Fv_L2	303.72	300.82	308.29	324.69	280.71	292.68	246.31	238.32	221.70
Fv_L3	253.70	256.36	231.64	241.07	191.37	229.71	190.54	171.32	177.73
Fv_L4	201.72	215.64	184.27	187.60	148.81	194.75	161.48	133.89	155.79
Fv_Lss	171.48	195.37	166.03	161.05	131.92	179.69	152.96	116.99	145.39
Fv_D1	406.58	372.25	324.64	464.34	374.21	391.76	321.30	295.95	280.66
Fv_D2	418.69	423.44	384.69	490.97	412.55	433.95	360.32	306.26	314.66
Fv_D3	420.54	434.04	393.62	487.77	420.35	446.63	363.28	312.07	320.43
Fq_L1	-15.69	-19.10	12.64	-11.50	2.20	-1.70	-4.45	5.74	-2.41
Fq_L2	5.79	4.90	-7.66	3.38	-6.48	-1.62	-1.42	-4.69	-9.34
Fq_L3	12.29	12.74	-0.19	6.48	-1.55	6.41	9.89	-4.52	19.08
Fq_L4	2.75	5.23	5.05	2.15	3.59	7.29	3.44	5.60	6.71
Fq_Lss	2.78	5.03	8.95	-0.49	10.56	12.87	10.44	9.23	10.11
Fq_D1	380.31	349.02	306.07	435.80	349.59	369.46	310.70	282.85	271.97
Fq_D2	394.04	399.25	362.05	467.16	389.86	412.12	350.23	297.36	292.10
Fq_D3	398.87	410.08	372.91	463.22	397.93	428.26	354.76	303.79	298.65
QY_max	0.88	0.88	0.88	0.87	0.86	0.86	0.85	0.87	0.88
Fv/Fm_L1	0.86	0.86	0.87	0.85	0.85	0.84	0.83	0.86	0.86
Fv/Fm_L2	0.82	0.81	0.84	0.80	0.80	0.78	0.77	0.81	0.82
Fv/Fm_L3	0.79	0.79	0.81	0.75	0.74	0.74	0.74	0.76	0.78
Fv/Fm_L4	0.76	0.77	0.77	0.71	0.70	0.71	0.71	0.72	0.76
Fv/Fm_Lss	0.73	0.75	0.76	0.69	0.68	0.70	0.70	0.70	0.75
Fv/Fm_D1	0.85	0.84	0.85	0.84	0.83	0.81	0.81	0.82	0.84
Fv/Fm_D2	0.85	0.85	0.87	0.85	0.84	0.82	0.82	0.82	0.85
Fv/Fm_D3	0.85	0.86	0.87	0.85	0.85	0.83	0.82	0.82	0.85
QY_L1	-0.04	-0.05	0.02	-0.03	-0.00	-0.01	-0.02	-0.00	-0.04
QY_L2	0.00	-0.00	-0.04	-0.00	-0.04	-0.02	-0.01	-0.04	-0.06
QY_L3	0.02	0.02	-0.02	0.00	-0.03	-0.01	0.02	-0.05	0.05
QY_L4	-0.02	-0.01	-0.00	-0.01	-0.00	0.01	-0.01	-0.02	-0.02
QY_Lss	-0.02	-0.01	0.02	-0.03	0.02	0.02	0.01	0.02	-0.01
QY_D1	0.80	0.79	0.80	0.79	0.78	0.77	0.78	0.80	0.81
QY_D2	0.80	0.80	0.81	0.81	0.80	0.79	0.80	0.81	0.80
QY_D3	0.81	0.81	0.82	0.80	0.80	0.80	0.81	0.81	0.80
NPQ_L1	0.17	0.20	0.10	0.18	0.12	0.17	0.17	0.15	0.18
NPQ_L2	0.65	0.71	0.44	0.74	0.63	0.75	0.72	0.65	0.67
NPQ_L3	0.93	0.97	0.84	1.23	1.25	1.15	1.13	1.23	1.05
NPQ_L4	1.34	1.27	1.24	1.73	1.78	1.47	1.48	1.81	1.35
NPQ_Lss	1.69	1.47	1.44	2.09	2.08	1.70	1.61	2.24	1.51
NPQ_D1	0.29	0.42	0.37	0.28	0.28	0.41	0.42	0.70	0.40
NPQ_D2	0.25	0.27	0.18	0.22	0.18	0.31	0.31	1.44	0.28
NPQ_D3	0.25	0.24	0.16	0.22	0.16	0.26	0.28	1.26	0.27
qN_L1	0.14	0.17	0.08	0.16	0.10	0.15	0.14	0.11	0.13
qN_L2	0.42	0.45	0.32	0.47	0.42	0.47	0.46	0.41	0.42
qN_L3	0.52	0.53	0.49	0.61	0.61	0.59	0.59	0.58	0.54
qN_L4	0.62	0.61	0.60	0.70	0.70	0.66	0.65	0.67	0.60
qN_Lss	0.68	0.65	0.64	0.74	0.73	0.68	0.67	0.71	0.63
qN_D1	0.23	0.32	0.29	0.23	0.23	0.29	0.29	0.26	0.26
qN_D2	0.21	0.22	0.15	0.19	0.14	0.21	0.21	0.24	0.17
qN_D3	0.20	0.20	0.14	0.19	0.13	0.19	0.21	0.22	0.16
qP_L1	-0.05	-0.06	0.02	-0.03	-0.01	-0.02	-0.03	-0.01	-0.05
qP_L2	-0.00	-0.01	-0.05	-0.01	-0.05	-0.03	-0.02	-0.06	-0.09
qP_L3	0.02	0.02	-0.03	-0.01	-0.05	-0.02	0.02	-0.10	0.05
qP_L4	-0.03	-0.02	-0.01	-0.03	-0.02	0.00	-0.02	-0.07	-0.05
qP_Lss	-0.04	-0.03	0.02	-0.06	0.01	0.01	-0.00	-0.01	-0.04
qP_D1	0.94	0.94	0.94	0.94	0.94	0.95	0.97	1.00	0.97
qP_D2	0.94	0.94	0.94	0.95	0.95	0.96	0.98	1.05	0.94
qP_D3	0.95	0.94	0.95	0.95	0.95	0.97	0.99	0.79	0.94
qL_L1	-0.57	-0.59	-0.01	-0.34	-0.19	-0.22	-0.33	-0.21	-0.96
qL_L2	-0.23	-0.24	-0.54	-0.19	-0.49	-0.31	-0.34	-0.65	-0.90
qL_L3	-0.11	-0.12	-0.40	-0.21	-0.44	-0.29	-0.23	-0.87	-0.25
qL_L4	-0.41	-0.32	-0.35	-0.36	-0.42	-0.21	-0.43	-1.21	-0.73
qL_Lss	-0.48	-0.43	-0.24	-0.45	-0.33	-0.20	-0.45	-0.66	-0.64
qL_D1	1.29	1.24	1.25	1.25	1.25	1.17	1.08	1.16	1.18
qL_D2	1.28	1.27	1.33	1.21	1.25	1.17	1.09	1.01	1.34
qL_D3	1.25	1.27	1.30	1.22	1.24	1.14	1.07	-0.09	1.37
Rfd_L1	0.21	0.22	0.20	0.21	0.19	0.20	0.22	0.21	0.25
Rfd_L2	0.80	0.85	0.50	0.84	0.70	0.80	0.83	0.68	0.77
Rfd_L3	1.18	1.18	0.98	1.41	1.40	1.27	1.40	1.31	1.74
Rfd_L4	1.57	1.47	1.50	1.93	2.16	1.67	1.70	2.14	1.69
Rfd_Lss	1.98	1.69	1.83	2.28	2.69	2.03	1.98	3.12	1.92
