FluorCam7 Numeric Export File
-----------------------------------
	Area 1	Area 2	Area 3	Area 4	Area 5	Area 6	Area 7	Area 8
Size [pixels]	2131	928	605	927	848	420	2113	1341
Fo	63.09	90.40	52.99	67.18	51.45	76.47	83.23	79.49
Fo_gauss	63.09	90.40	52.99	67.18	51.45	76.47	83.23	79.49
Fo_median	48.68	71.92	39.79	51.15	38.34	59.23	68.10	63.53
Fm	525.05	681.93	450.11	559.25	437.57	609.79	672.67	640.10
Fv	461.96	591.53	397.12	492.07	386.12	533.32	589.44	560.61
Fp	557.32	699.78	487.23	582.87	466.96	630.09	697.96	666.49
Fp-median	498.78	627.60	431.65	524.96	416.00	561.48	637.21	601.74
Fp-gauss	697.14	850.21	626.49	716.52	603.75	773.82	843.66	813.76
Fp-average	611.84	761.17	540.31	637.85	519.33	685.81	752.22	723.37
Fm_L1	462.19	594.49	396.00	511.61	393.84	521.33	573.59	567.25
Fm_L2	318.35	416.93	299.37	396.94	291.19	358.81	389.13	424.55
Fm_L3	259.69	315.52	260.09	320.87	240.86	270.08	329.78	357.92
Fm_L4	229.54	270.90	234.81	286.91	214.08	233.91	288.87	315.24
Fm_Lss	215.71	248.61	223.76	268.16	198.46	206.98	271.57	296.30
Fm_D1	410.09	493.45	355.27	447.94	349.76	435.06	492.74	477.69
Fm_D2	424.74	523.88	372.10	471.08	358.04	450.73	509.46	497.22
Fm_D3	428.49	528.06	376.62	469.68	361.51	456.60	511.73	498.80
Ft_L1	466.23	604.29	403.31	500.40	384.06	526.84	584.75	568.75
Ft_L2	316.81	421.51	297.75	397.95	291.05	357.64	387.92	425.05
Ft_L3	261.19	313.52	250.50	316.45	241.91	270.33	318.88	349.50
Ft_L4	223.35	264.19	226.85	277.94	206.17	232.29	277.28	303.58
Ft_Lss	210.68	240.10	211.40	256.95	194.30	206.63	256.45	282.70
Ft_D1	79.10	110.47	69.89	90.31	65.30	93.27	103.20	103.13
Ft_D2	82.22	106.67	72.01	92.15	66.81	93.96	101.82	101.61
Ft_D3	79.52	105.20	71.25	87.27	67.99	88.50	100.50	100.03
Fo_L1	62.02	88.61	52.14	66.42	50.73	74.88	81.43	78.20
Fo_L2	58.24	83.08	49.80	63.87	48.35	70.12	76.08	74.57
Fo_L3	55.74	77.89	48.47	61.38	46.59	65.60	73.39	72.11
Fo_L4	54.05	74.55	47.40	59.93	45.40	63.07	70.95	70.07
Fo_Lss	53.17	72.47	46.87	59.02	44.56	60.63	69.68	68.93
Fo_D1	60.87	85.66	51.22	65.12	49.84	72.40	79.32	75.99
Fo_D2	61.22	86.52	51.65	65.63	49.98	72.78	79.71	76.45
Fo_D3	61.29	86.64	51.74	65.60	50.06	72.97	79.78	76.50
Fv_L1	400.17	505.88	343.85	445.19	343.11	446.45	492.16	489.05
Fv_L2	260.11	333.84	249.57	333.07	242.83	288.69	313.05	349.98
Fv_L3	203.94	237.63	211.62	259.49	194.27	204.48	256.39	285.81
Fv_L4	175.50	196.35	187.42	226.99	168.68	170.84	217.91	245.17
Fv_Lss	162.54	176.14	176.90	209.14	153.90	146.35	201.90	227.37
Fv_D1	349.22	407.79	304.04	382.82	299.92	362.66	413.42	401.70
Fv_D2	363.51	437.36	320.45	405.45	308.05	377.95	429.75	420.77
Fv_D3	367.20	441.42	324.88	404.08	311.45	383.63	431.96	422.30
Fq_L1	-4.04	-9.80	-7.31	11.21	9.78	-5.50	-11.16	-1.50
Fq_L2	1.53	-4.59	1.62	-1.00	0.14	1.17	1.20	-0.50
Fq_L3	-1.51	2.00	9.59	4.42	-1.05	-0.25	10.89	8.42
Fq_L4	6.19	6.71	7.96	8.98	7.91	1.62	11.58	11.65
Fq_Lss	5.03	8.51	12.36	11.22	4.16	0.36	15.12	13.60
Fq_D1	330.98	382.98	285.37	357.64	284.46	341.79	389.53	374.56
Fq_D2	342.52	417.20	300.09	378.93	291.23	356.77	407.63	395.61
Fq_D3	348.97	422.86	305.37	382.41	293.52	368.10	411.23	398.77
QY_max	0.88	0.87	0.88	0.88	0.88	0.87	0.88	0.88
Fv/Fm_L1	0.86	0.85	0.87	0.87	0.87	0.86	0.86	0.86
Fv/Fm_L2	0.81	0.80	0.83	0.84	0.83	0.80	0.80	0.82
Fv/Fm_L3	0.78	0.75	0.81	0.81	0.80	0.75	0.77	0.80
Fv/Fm_L4	0.76	0.72	0.79	0.79	0.78	0.72	0.75	0.77
Fv/Fm_Lss	0.75	0.70	0.79	0.78	0.77	0.70	0.73	0.76
Fv/Fm_D1	0.85	0.82	0.85	0.85	0.85	0.83	0.83	0.84
Fv/Fm_D2	0.85	0.83	0.86	0.86	0.86	0.83	0.84	0.84
Fv/Fm_D3	0.85	0.83	0.86	0.86	0.86	0.83	0.84	0.84
QY_L1	-0.02	-0.02	-0.04	0.02	0.01	-0.02	-0.03	-0.01
QY_L2	-0.01	-0.03	-0.03	-0.01	-0.02	-0.01	-0.01	-0.01
QY_L3	-0.03	-0.01	0.01	-0.00	-0.03	-0.03	0.02	0.01
QY_L4	-0.00	-0.00	0.00	0.01	0.01	-0.03	0.02	0.02
QY_Lss	-0.01	-0.02	0.02	0.02	-0.02	-0.03	0.03	0.02
QY_D1	0.81	0.78	0.80	0.80	0.81	0.78	0.79	0.78
QY_D2	0.80	0.80	0.81	0.80	0.81	0.79	0.80	0.80
QY_D3	0.81	0.80	0.81	0.81	0.81	0.80	0.80	0.80
NPQ_L1	0.16	0.16	0.17	0.11	0.13	0.20	0.19	0.14
NPQ_L2	0.69	0.66	0.56	0.44	0.55	0.75	0.76	0.54
NPQ_L3	1.09	1.23	0.78	0.78	0.87	1.36	1.10	0.84
NPQ_L4	1.40	1.69	0.99	1.00	1.13	1.75	1.44	1.12
NPQ_Lss	1.59	2.12	1.08	1.14	1.33	2.20	1.68	1.34
NPQ_D1	0.33	0.49	0.29	0.27	0.30	0.52	0.46	0.42
NPQ_D2	0.28	0.42	0.23	0.21	0.27	0.50	0.43	0.38
NPQ_D3	0.27	0.42	0.22	0.21	0.26	0.49	0.43	0.38
qN_L1	0.13	0.14	0.12	0.09	0.10	0.16	0.16	0.12
qN_L2	0.44	0.43	0.36	0.33	0.37	0.46	0.47	0.38
qN_L3	0.56	0.60	0.46	0.48	0.50	0.62	0.57	0.50
qN_L4	0.62	0.68	0.52	0.54	0.56	0.69	0.64	0.57
qN_Lss	0.65	0.71	0.55	0.58	0.60	0.73	0.67	0.60
qN_D1	0.24	0.32	0.22	0.22	0.22	0.33	0.31	0.29
qN_D2	0.21	0.27	0.18	0.18	0.20	0.30	0.28	0.25
qN_D3	0.21	0.27	0.17	0.18	0.19	0.29	0.28	0.25
qP_L1	-0.03	-0.03	-0.05	0.02	0.01	-0.02	-0.04	-0.01
qP_L2	-0.02	-0.04	-0.05	-0.02	-0.03	-0.01	-0.02	-0.02
qP_L3	-0.05	-0.02	0.00	-0.01	-0.04	-0.05	0.02	0.01
qP_L4	-0.02	-0.02	-0.01	0.00	-0.00	-0.05	0.02	0.02
qP_Lss	-0.04	-0.23	0.01	0.02	-0.04	-0.07	0.02	-0.02
qP_D1	0.95	0.95	0.94	0.93	0.95	0.95	0.95	0.94
qP_D2	0.94	0.97	0.94	0.93	0.95	0.95	0.96	0.95
qP_D3	0.95	0.97	0.94	0.95	0.94	0.97	0.96	0.95
qL_L1	-0.40	-0.32	-0.86	-0.02	-0.14	-0.34	-0.38	-0.22
qL_L2	-0.36	-0.38	-0.79	-0.39	-0.55	-0.28	-0.27	-0.26
qL_L3	-0.54	-0.30	-0.33	-0.29	-0.71	-0.58	-0.15	-0.14
qL_L4	-0.41	-0.39	-0.46	-0.30	-0.37	-0.62	-0.14	-0.16
qL_Lss	-0.59	-4.02	-0.38	-0.16	-0.64	-0.64	-0.29	-0.68
qL_D1	1.23	1.19	1.29	1.34	1.23	1.20	1.21	1.25
qL_D2	1.26	1.14	1.31	1.35	1.27	1.20	1.19	1.22
qL_D3	1.23	1.13	1.32	1.27	1.29	1.12	1.18	1.22
Rfd_L1	0.23	0.19	0.24	0.19	0.25	0.24	0.22	0.21
Rfd_L2	0.84	0.72	0.71	0.53	0.68	0.86	0.85	0.62
Rfd_L3	1.25	1.38	1.08	0.93	1.06	1.53	1.32	1.00
Rfd_L4	1.71	1.90	1.39	1.20	1.42	2.00	1.71	1.42
Rfd_Lss	2.08	2.41	1.52	1.43	1.62	2.48	2.29	1.60
