FluorCam7 Numeric Export File
-----------------------------------
	Area 1	Area 2	Area 3	Area 4	Area 5	Area 6	Area 7	Area 8	Area 9	Area 10	Area 11	Area 12	Area 13	Area 14	Area 15
Size [pixels]	1250	1421	592	2196	735	1549	581	2492	2342	1927	528	766	1713	931	1173
Fo	118.20	47.16	43.65	86.89	84.11	47.91	54.34	104.29	77.81	53.41	63.67	43.98	65.43	48.01	59.64
Fo_gauss	118.20	47.16	43.65	86.89	84.11	47.91	54.34	104.29	77.81	53.41	63.67	43.98	65.43	48.01	59.64
Fo_median	103.68	36.00	32.21	73.18	70.56	36.08	41.39	89.40	63.98	41.55	51.75	33.15	52.81	36.38	47.15
Fm	915.70	429.07	407.82	717.87	693.36	419.49	463.35	816.91	648.93	470.65	549.01	398.81	536.22	432.93	484.89
Fv	797.50	381.91	364.17	630.98	609.25	371.58	409.01	712.62	571.12	417.25	485.35	354.83	470.79	384.91	425.25
Fp	937.49	454.94	429.06	749.53	700.16	450.58	486.16	843.25	677.33	489.80	568.26	431.91	572.87	453.61	497.88
Fp-median	880.29	409.30	386.16	698.59	653.43	403.33	438.82	787.24	621.42	451.02	523.44	382.04	522.38	409.17	450.21
Fp-gauss	1093.62	578.06	547.42	888.88	823.21	577.86	613.20	986.77	825.16	619.72	685.97	566.57	707.03	571.29	622.91
Fp-average	993.21	498.82	470.50	800.36	743.56	496.07	531.75	894.18	730.68	538.52	610.05	481.73	620.13	495.36	543.54
Fm_L1	821.85	391.29	373.94	658.32	628.07	385.89	418.86	747.19	575.38	428.24	505.53	355.00	482.02	385.85	423.15
Fm_L2	528.44	309.62	300.78	534.66	546.61	298.90	315.95	564.33	399.10	337.36	429.64	289.33	316.00	301.77	302.20
Fm_L3	445.13	245.14	236.58	434.13	428.86	244.69	254.62	450.92	339.57	271.38	344.95	238.14	267.96	244.21	238.15
Fm_L4	382.60	208.83	199.97	362.63	344.31	207.45	214.55	382.40	290.09	228.53	285.69	203.35	229.88	206.50	198.60
Fm_Lss	348.62	198.00	188.86	335.46	315.17	192.99	194.60	355.33	267.08	210.37	260.68	187.45	215.23	187.88	180.31
Fm_D1	720.20	344.59	313.06	552.29	550.25	340.32	384.08	645.63	496.50	368.69	401.71	311.80	442.01	319.14	379.52
Fm_D2	787.07	376.46	352.13	614.38	595.17	362.66	404.97	692.85	538.68	403.59	461.20	336.49	472.55	360.65	397.26
Fm_D3	794.36	382.79	359.55	627.32	610.85	367.40	409.26	706.82	549.30	411.02	480.43	340.12	475.99	366.24	396.53
Ft_L1	798.80	368.93	354.32	641.98	567.96	365.52	394.76	727.34	562.71	407.11	478.84	354.05	469.48	370.55	405.01
Ft_L2	524.55	304.89	296.59	519.13	498.21	285.45	307.88	550.26	391.10	334.81	414.62	276.97	310.52	306.31	293.44
Ft_L3	421.87	241.25	235.27	406.26	392.49	236.19	248.23	428.31	319.95	264.81	329.73	216.44	261.34	235.13	231.03
Ft_L4	351.16	193.27	186.06	336.83	284.86	197.12	206.67	352.80	267.09	212.36	258.56	182.51	220.30	184.11	189.45
Ft_Lss	318.53	174.50	160.36	298.18	239.75	177.94	175.25	322.15	245.57	189.06	225.27	170.75	201.60	159.04	162.07
Ft_D1	134.60	57.83	51.10	99.29	97.75	56.49	63.82	118.10	90.78	63.04	75.20	52.29	78.26	52.39	61.68
Ft_D2	143.85	58.16	56.50	105.73	106.32	57.59	67.90	126.99	96.96	66.62	79.22	55.58	83.45	57.03	64.85
Ft_D3	141.57	58.65	54.17	106.09	104.40	57.68	66.95	124.12	96.82	64.03	78.19	54.19	82.80	55.15	60.51
Fo_L1	116.45	46.65	43.17	85.94	83.05	47.43	53.65	103.04	76.59	52.80	63.01	43.33	64.52	47.32	58.49
Fo_L2	107.75	45.07	41.87	83.32	81.37	45.61	51.30	98.47	72.13	50.97	61.55	42.07	60.04	45.62	55.11
Fo_L3	103.66	43.27	40.22	80.30	78.03	44.00	49.19	94.23	69.78	49.05	59.41	40.64	57.89	43.91	52.34
Fo_L4	99.75	41.86	38.84	77.34	74.59	42.45	47.30	90.72	67.29	47.29	57.18	39.33	55.73	42.38	49.88
Fo_Lss	97.25	41.31	38.37	75.97	73.04	41.75	46.14	89.03	65.88	46.35	56.05	38.63	54.82	41.45	48.50
Fo_D1	114.13	45.82	42.11	83.76	81.48	46.58	52.98	100.79	74.89	51.68	60.90	42.54	63.63	46.04	57.28
Fo_D2	115.72	46.37	42.83	85.11	82.42	47.00	53.38	101.90	75.85	52.36	62.24	43.01	64.26	46.89	57.68
Fo_D3	115.88	46.48	42.96	85.37	82.72	47.08	53.44	102.22	76.07	52.50	62.58	43.07	64.34	46.99	57.65
Fv_L1	705.41	344.64	330.77	572.39	545.03	338.46	365.21	644.15	498.79	375.44	442.51	311.67	417.50	338.53	364.66
Fv_L2	420.69	264.55	258.92	451.34	465.24	253.29	264.65	465.86	326.97	286.39	368.09	247.27	255.96	256.15	247.09
Fv_L3	341.47	201.87	196.37	353.83	350.83	200.68	205.44	356.68	269.79	222.33	285.53	197.50	210.06	200.30	185.81
Fv_L4	282.85	166.97	161.13	285.28	269.73	165.00	167.25	291.68	222.80	181.24	228.51	164.03	174.15	164.12	148.72
Fv_Lss	251.37	156.70	150.49	259.50	242.12	151.24	148.46	266.30	201.20	164.01	204.63	148.82	160.41	146.42	131.81
Fv_D1	606.07	298.77	270.96	468.53	468.77	293.74	331.09	544.84	421.60	317.01	340.81	269.26	378.39	273.10	322.24
Fv_D2	671.36	330.09	309.30	529.27	512.75	315.66	351.59	590.95	462.83	351.23	398.96	293.48	408.29	313.76	339.58
Fv_D3	678.48	336.31	316.59	541.95	528.13	320.32	355.81	604.60	473.23	358.51	417.85	297.05	411.65	319.26	338.88
Fq_L1	23.05	22.36	19.63	16.34	60.11	20.37	24.10	19.85	12.66	21.13	26.69	0.95	12.53	15.30	18.14
Fq_L2	3.89	4.73	4.19	15.53	48.40	13.44	8.07	14.08	8.00	2.55	15.02	12.36	5.47	-4.53	8.75
Fq_L3	23.26	3.89	1.32	27.87	36.37	8.50	6.39	22.61	19.62	6.57	15.22	21.70	6.62	9.08	7.12
Fq_L4	31.45	15.56	13.90	25.80	59.45	10.33	7.88	29.60	23.00	16.16	27.13	20.84	9.58	22.39	9.14
Fq_Lss	30.09	23.51	28.50	37.28	75.42	15.05	19.35	33.19	21.51	21.31	35.42	16.70	13.63	28.83	18.24
Fq_D1	585.60	286.76	261.97	453.00	452.50	283.83	320.26	527.53	405.71	305.65	326.51	259.51	363.75	266.75	317.84
Fq_D2	643.22	318.30	295.63	508.65	488.85	305.07	337.08	565.86	441.72	336.96	381.97	280.92	389.10	303.62	332.41
Fq_D3	652.80	324.14	305.38	521.23	506.46	309.72	342.31	582.70	452.48	346.98	402.24	285.93	393.19	311.09	336.02
QY_max	0.87	0.89	0.89	0.88	0.88	0.88	0.88	0.87	0.88	0.89	0.88	0.89	0.88	0.89	0.88
Fv/Fm_L1	0.86	0.88	0.88	0.87	0.87	0.88	0.87	0.86	0.87	0.88	0.87	0.88	0.87	0.88	0.86
Fv/Fm_L2	0.79	0.85	0.86	0.84	0.85	0.84	0.84	0.83	0.82	0.85	0.86	0.85	0.81	0.85	0.81
Fv/Fm_L3	0.77	0.82	0.83	0.81	0.82	0.82	0.80	0.79	0.79	0.82	0.83	0.82	0.78	0.82	0.78
Fv/Fm_L4	0.74	0.79	0.80	0.78	0.78	0.79	0.77	0.76	0.76	0.79	0.80	0.80	0.75	0.79	0.74
Fv/Fm_Lss	0.72	0.79	0.79	0.77	0.77	0.78	0.76	0.75	0.75	0.78	0.78	0.79	0.74	0.77	0.72
Fv/Fm_D1	0.84	0.87	0.86	0.85	0.85	0.86	0.86	0.84	0.85	0.86	0.85	0.86	0.85	0.85	0.85
Fv/Fm_D2	0.85	0.88	0.88	0.86	0.86	0.87	0.87	0.85	0.86	0.87	0.86	0.87	0.86	0.87	0.85
Fv/Fm_D3	0.85	0.88	0.88	0.86	0.86	0.87	0.87	0.86	0.86	0.87	0.87	0.87	0.86	0.87	0.85
QY_L1	0.02	0.04	0.04	0.02	0.09	0.04	0.05	0.02	0.01	0.04	0.05	-0.03	0.02	0.03	0.03
QY_L2	-0.00	-0.01	-0.01	0.02	0.08	0.02	0.01	0.02	0.01	-0.01	0.03	0.02	-0.00	-0.03	0.01
QY_L3	0.04	-0.02	-0.02	0.06	0.08	0.01	-0.00	0.04	0.04	-0.00	0.03	0.06	-0.00	0.02	-0.00
QY_L4	0.07	0.04	0.04	0.06	0.17	0.01	-0.00	0.06	0.06	0.05	0.08	0.06	0.01	0.08	0.01
QY_Lss	0.07	0.09	0.12	0.10	0.23	0.04	0.05	0.08	0.06	0.08	0.12	0.04	0.04	0.13	0.06
QY_D1	0.81	0.83	0.83	0.82	0.82	0.83	0.83	0.82	0.82	0.83	0.81	0.83	0.82	0.83	0.84
QY_D2	0.82	0.85	0.84	0.83	0.82	0.84	0.83	0.82	0.82	0.83	0.83	0.83	0.82	0.84	0.84
QY_D3	0.82	0.85	0.85	0.83	0.83	0.84	0.83	0.82	0.82	0.84	0.84	0.84	0.82	0.85	0.85
NPQ_L1	0.12	0.12	0.10	0.10	0.11	0.11	0.13	0.10	0.14	0.12	0.09	0.15	0.12	0.14	0.16
NPQ_L2	0.75	0.43	0.38	0.35	0.28	0.44	0.50	0.46	0.65	0.43	0.29	0.41	0.73	0.46	0.65
NPQ_L3	1.08	0.82	0.77	0.67	0.63	0.77	0.88	0.83	0.95	0.79	0.61	0.75	1.06	0.82	1.11
NPQ_L4	1.43	1.15	1.11	1.00	1.04	1.10	1.27	1.17	1.29	1.13	0.95	1.06	1.41	1.17	1.54
NPQ_Lss	1.66	1.29	1.23	1.17	1.23	1.27	1.52	1.34	1.50	1.32	1.14	1.24	1.58	1.38	1.82
NPQ_D1	0.28	0.28	0.33	0.31	0.27	0.26	0.23	0.28	0.33	0.30	0.38	0.31	0.23	0.38	0.31
NPQ_D2	0.17	0.17	0.17	0.18	0.17	0.18	0.18	0.19	0.22	0.19	0.20	0.21	0.15	0.22	0.26
NPQ_D3	0.16	0.15	0.15	0.15	0.14	0.17	0.16	0.17	0.20	0.16	0.15	0.20	0.14	0.20	0.26
qN_L1	0.11	0.09	0.08	0.09	0.10	0.07	0.10	0.09	0.12	0.09	0.08	0.10	0.10	0.11	0.13
qN_L2	0.48	0.30	0.28	0.28	0.24	0.31	0.35	0.34	0.43	0.31	0.24	0.29	0.45	0.33	0.41
qN_L3	0.58	0.47	0.46	0.44	0.43	0.46	0.50	0.50	0.53	0.47	0.41	0.44	0.56	0.48	0.56
qN_L4	0.65	0.56	0.56	0.55	0.56	0.55	0.59	0.60	0.61	0.57	0.53	0.53	0.63	0.57	0.65
qN_Lss	0.69	0.59	0.59	0.59	0.61	0.59	0.64	0.63	0.65	0.61	0.58	0.58	0.66	0.62	0.69
qN_D1	0.24	0.21	0.25	0.26	0.23	0.20	0.19	0.24	0.26	0.24	0.30	0.22	0.18	0.28	0.22
qN_D2	0.16	0.13	0.14	0.16	0.16	0.14	0.14	0.17	0.19	0.15	0.17	0.15	0.12	0.18	0.18
qN_D3	0.15	0.11	0.12	0.14	0.13	0.13	0.13	0.15	0.17	0.13	0.13	0.14	0.11	0.16	0.18
qP_L1	0.03	0.04	0.05	0.02	0.11	0.04	0.05	0.02	0.01	0.04	0.05	-0.04	0.02	0.03	0.03
qP_L2	-0.00	-0.01	-0.01	0.03	0.10	0.02	0.01	0.02	0.00	-0.02	0.03	0.02	-0.01	-0.04	0.01
qP_L3	0.05	-0.03	-0.03	0.07	0.09	0.00	-0.01	0.05	0.04	-0.01	0.04	0.06	-0.01	0.02	-0.01
qP_L4	0.09	0.04	0.04	0.07	0.21	0.01	-0.01	0.08	0.07	0.05	0.10	0.05	0.00	0.09	-0.00
qP_Lss	0.10	0.10	0.14	0.12	0.30	0.04	0.05	0.10	0.06	0.09	0.15	0.03	0.04	0.15	0.07
qP_D1	0.97	0.96	0.97	0.97	0.97	0.97	0.97	0.97	0.96	0.97	0.96	0.96	0.96	0.98	0.99
qP_D2	0.96	0.97	0.96	0.96	0.95	0.97	0.96	0.96	0.96	0.96	0.96	0.96	0.95	0.97	0.98
qP_D3	0.96	0.97	0.97	0.96	0.96	0.97	0.96	0.96	0.96	0.97	0.96	0.96	0.96	0.97	1.00
qL_L1	0.13	0.05	0.20	0.07	0.66	0.11	0.18	0.10	-0.03	0.16	0.28	-0.74	-0.05	0.09	0.04
qL_L2	-0.11	-0.42	-0.40	0.06	0.55	-0.16	-0.20	0.04	-0.16	-0.40	0.09	-0.32	-0.26	-0.51	-0.18
qL_L3	0.10	-0.55	-0.57	0.22	0.40	-0.39	-0.38	0.09	-0.01	-0.34	0.07	-0.10	-0.36	-0.21	-0.43
qL_L4	0.20	-0.35	-0.13	0.17	0.68	-0.40	-0.46	0.17	0.04	-0.13	0.24	-0.34	-0.32	0.07	-0.41
qL_Lss	0.20	-0.06	0.29	0.34	0.84	-0.31	-0.32	0.20	-0.03	0.04	0.37	-0.45	-0.23	0.24	-0.20
qL_D1	1.14	1.22	1.18	1.15	1.16	1.19	1.16	1.13	1.16	1.19	1.19	1.20	1.18	1.12	1.08
qL_D2	1.20	1.22	1.28	1.20	1.24	1.21	1.22	1.21	1.23	1.24	1.23	1.27	1.25	1.19	1.12
qL_D3	1.18	1.25	1.25	1.20	1.22	1.21	1.22	1.17	1.23	1.20	1.22	1.23	1.24	1.17	1.06
Rfd_L1	0.18	0.28	0.24	0.18	0.25	0.27	0.27	0.18	0.22	0.23	0.20	0.26	0.24	0.25	0.26
Rfd_L2	0.81	0.56	0.49	0.47	0.42	0.64	0.65	0.56	0.78	0.51	0.40	0.72	0.90	0.53	0.77
Rfd_L3	1.26	1.01	0.92	0.88	0.82	1.02	1.08	1.01	1.19	0.93	0.77	1.16	1.30	1.03	1.27
Rfd_L4	1.74	1.64	1.46	1.28	1.54	1.49	1.57	1.47	1.69	1.50	1.28	1.65	1.76	1.64	1.83
Rfd_Lss	2.03	2.01	1.89	1.59	2.07	1.79	2.14	1.72	1.94	1.85	1.68	1.86	2.11	2.15	2.53
