FluorCam7 Numeric Export File
-----------------------------------
	Area 1	Area 2	Area 3	Area 4	Area 5	Area 6	Area 7	Area 8	Area 9	Area 10	Area 11	Area 12
Size [pixels]	3134	1920	1858	1753	909	1338	1931	2041	1302	1242	2045	558
Fo	79.88	61.88	100.59	67.49	79.14	79.10	45.73	81.97	100.05	79.62	50.58	98.16
Fo_gauss	79.88	61.88	100.59	67.49	79.14	79.10	45.73	81.97	100.05	79.62	50.58	98.16
Fo_median	66.74	49.08	86.03	54.67	65.26	65.23	34.25	68.40	86.48	65.95	39.03	82.54
Fm	646.13	540.88	771.61	561.32	638.73	659.40	399.29	674.16	781.97	648.51	438.05	742.38
Fv	566.24	479.00	671.02	493.82	559.59	580.30	353.56	592.20	681.92	568.89	387.47	644.22
Fp	676.88	567.43	798.58	602.61	667.21	688.11	434.74	700.03	804.84	679.41	463.57	775.79
Fp-median	625.60	519.40	741.23	552.41	612.58	633.02	386.42	642.73	748.64	628.11	416.52	713.88
Fp-gauss	808.76	695.28	947.01	733.86	807.40	832.24	563.23	850.35	951.87	814.01	587.87	921.62
Fp-average	722.56	611.54	849.76	648.45	716.54	738.10	479.88	753.15	856.83	726.49	506.95	826.58
Fm_L1	593.65	497.54	686.21	518.66	565.90	593.58	365.52	598.66	691.09	586.33	397.62	676.59
Fm_L2	442.31	374.71	466.49	413.99	425.41	466.43	276.00	411.14	479.21	463.12	299.65	520.60
Fm_L3	348.23	309.11	392.27	343.31	352.48	388.09	224.93	355.78	403.69	380.71	245.89	412.27
Fm_L4	292.35	263.09	338.92	286.10	298.75	338.83	193.39	310.69	340.95	319.65	207.60	343.86
Fm_Lss	268.78	244.37	308.61	258.33	268.32	316.62	182.43	291.07	309.87	296.23	195.29	313.47
Fm_D1	529.08	436.05	606.92	453.74	491.19	494.42	327.89	519.43	612.78	522.10	359.29	619.65
Fm_D2	556.45	467.54	647.73	485.06	515.03	531.86	341.30	548.50	644.69	555.10	379.21	643.19
Fm_D3	562.17	471.37	654.43	491.14	516.18	539.94	347.80	556.47	652.23	559.64	386.89	644.32
Ft_L1	569.38	470.92	677.55	505.51	563.04	583.60	350.21	584.02	684.29	562.76	369.03	665.38
Ft_L2	435.20	369.54	460.53	401.63	416.73	470.38	271.30	406.31	469.53	446.85	291.80	528.12
Ft_L3	340.30	301.10	374.83	324.79	338.15	367.57	219.77	338.82	380.43	354.69	237.06	401.82
Ft_L4	276.86	254.50	325.35	273.38	281.25	310.94	185.50	285.86	323.95	293.88	192.84	318.05
Ft_Lss	251.74	230.12	296.27	245.81	256.43	288.40	170.12	263.11	292.46	268.29	175.15	301.93
Ft_D1	92.37	76.20	121.71	81.74	89.65	99.08	53.55	94.35	115.72	96.86	59.51	116.77
Ft_D2	95.96	77.51	121.21	84.74	93.34	95.35	56.23	96.25	121.15	97.19	63.59	113.79
Ft_D3	97.75	77.53	119.41	83.64	91.75	96.20	55.23	97.59	119.93	98.49	62.91	111.38
Fo_L1	79.00	61.25	98.95	66.80	77.86	78.03	45.23	80.71	98.36	78.56	49.95	96.92
Fo_L2	75.39	58.73	92.40	64.57	74.34	75.18	43.31	75.81	92.32	75.72	47.83	92.71
Fo_L3	71.92	56.71	88.98	62.45	71.59	72.72	41.64	73.58	89.03	73.06	46.10	88.41
Fo_L4	69.07	54.84	85.80	60.14	68.92	70.72	40.27	71.32	85.43	70.30	44.41	84.67
Fo_Lss	67.59	53.89	83.62	58.68	67.05	69.61	39.67	70.16	83.22	69.07	43.75	82.66
Fo_D1	77.67	60.14	97.02	65.53	76.17	75.94	44.52	78.99	96.54	77.23	49.24	95.61
Fo_D2	78.27	60.74	98.04	66.17	76.74	76.78	44.76	79.63	97.31	77.94	49.64	96.15
Fo_D3	78.39	60.81	98.20	66.29	76.77	76.97	44.90	79.84	97.51	78.03	49.77	96.14
Fv_L1	514.65	436.29	587.26	451.86	488.05	515.55	320.29	517.95	592.73	507.77	347.67	579.67
Fv_L2	366.91	315.98	374.09	349.42	351.07	391.25	232.69	335.34	386.89	387.40	251.82	427.89
Fv_L3	276.31	252.40	303.29	280.86	280.89	315.37	183.29	282.20	314.66	307.65	199.79	323.86
Fv_L4	223.28	208.26	253.12	225.96	229.83	268.11	153.12	239.37	255.53	249.36	163.19	259.19
Fv_Lss	201.19	190.48	224.99	199.64	201.27	247.01	142.76	220.91	226.65	227.16	151.53	230.81
Fv_D1	451.41	375.92	509.91	388.20	415.02	418.48	283.37	440.44	516.24	444.87	310.05	524.04
Fv_D2	478.18	406.80	549.69	418.90	438.29	455.08	296.53	468.87	547.38	477.16	329.58	547.04
Fv_D3	483.78	410.56	556.23	424.85	439.41	462.97	302.90	476.62	554.72	481.61	337.12	548.18
Fq_L1	24.26	26.62	8.66	13.15	2.86	9.97	15.30	14.64	6.81	23.57	28.59	11.21
Fq_L2	7.11	5.17	5.96	12.36	8.68	-3.95	4.70	4.83	9.68	16.28	7.86	-7.52
Fq_L3	7.93	8.01	17.43	18.52	14.33	20.52	5.16	16.96	23.26	26.02	8.83	10.45
Fq_L4	15.49	8.59	13.57	12.72	17.50	27.89	7.89	24.83	17.00	25.77	14.76	25.81
Fq_Lss	17.04	14.26	12.34	12.52	11.89	28.22	12.30	27.96	17.41	27.93	20.13	11.54
Fq_D1	436.71	359.85	485.21	371.99	401.54	395.34	274.34	425.08	497.06	425.25	299.77	502.89
Fq_D2	460.49	390.02	526.52	400.32	421.69	436.52	285.07	452.25	523.54	457.91	315.62	529.40
Fq_D3	464.41	393.84	535.02	407.50	424.43	443.74	292.57	458.88	532.29	461.15	323.99	532.94
QY_max	0.88	0.88	0.87	0.88	0.88	0.88	0.88	0.88	0.87	0.88	0.88	0.87
Fv/Fm_L1	0.87	0.88	0.86	0.87	0.86	0.87	0.87	0.86	0.86	0.87	0.87	0.86
Fv/Fm_L2	0.83	0.84	0.80	0.84	0.82	0.84	0.84	0.81	0.81	0.84	0.84	0.82
Fv/Fm_L3	0.79	0.81	0.77	0.82	0.79	0.81	0.81	0.79	0.78	0.81	0.81	0.78
Fv/Fm_L4	0.76	0.79	0.74	0.79	0.77	0.79	0.78	0.77	0.75	0.78	0.78	0.75
Fv/Fm_Lss	0.75	0.78	0.73	0.77	0.75	0.78	0.77	0.76	0.73	0.76	0.77	0.73
Fv/Fm_D1	0.85	0.86	0.84	0.85	0.84	0.85	0.86	0.85	0.84	0.85	0.86	0.85
Fv/Fm_D2	0.86	0.87	0.85	0.86	0.85	0.85	0.87	0.85	0.85	0.86	0.87	0.85
Fv/Fm_D3	0.86	0.87	0.85	0.86	0.85	0.86	0.87	0.86	0.85	0.86	0.87	0.85
QY_L1	0.04	0.05	0.01	0.02	-0.01	0.01	0.03	0.01	0.00	0.03	0.06	0.01
QY_L2	0.01	0.00	0.00	0.02	0.01	-0.02	-0.01	-0.00	0.01	0.02	0.01	-0.02
QY_L3	0.01	0.01	0.03	0.04	0.02	0.04	-0.01	0.03	0.05	0.05	0.01	0.02
QY_L4	0.04	0.01	0.02	0.03	0.03	0.06	-0.00	0.06	0.03	0.06	0.04	0.06
QY_Lss	0.04	0.04	0.02	0.03	0.02	0.07	0.02	0.07	0.04	0.07	0.07	0.02
QY_D1	0.82	0.82	0.80	0.82	0.82	0.80	0.83	0.82	0.81	0.81	0.83	0.81
QY_D2	0.83	0.83	0.81	0.82	0.82	0.82	0.83	0.82	0.81	0.82	0.83	0.82
QY_D3	0.83	0.83	0.82	0.83	0.82	0.82	0.84	0.82	0.82	0.82	0.84	0.83
NPQ_L1	0.10	0.10	0.13	0.09	0.14	0.12	0.11	0.14	0.14	0.12	0.12	0.11
NPQ_L2	0.48	0.46	0.68	0.37	0.53	0.44	0.49	0.66	0.65	0.42	0.49	0.45
NPQ_L3	0.88	0.78	0.99	0.66	0.85	0.73	0.84	0.93	0.96	0.73	0.83	0.83
NPQ_L4	1.25	1.10	1.32	1.00	1.19	0.98	1.17	1.22	1.33	1.07	1.18	1.20
NPQ_Lss	1.45	1.27	1.56	1.23	1.45	1.13	1.30	1.38	1.57	1.24	1.32	1.41
NPQ_D1	0.23	0.25	0.29	0.25	0.32	0.36	0.25	0.32	0.29	0.26	0.24	0.21
NPQ_D2	0.17	0.17	0.21	0.17	0.26	0.26	0.20	0.25	0.22	0.18	0.17	0.16
NPQ_D3	0.16	0.16	0.20	0.15	0.26	0.24	0.18	0.23	0.21	0.17	0.15	0.16
qN_L1	0.09	0.08	0.12	0.08	0.12	0.11	0.08	0.12	0.13	0.10	0.09	0.09
qN_L2	0.35	0.34	0.45	0.29	0.37	0.32	0.33	0.43	0.43	0.32	0.35	0.33
qN_L3	0.52	0.47	0.55	0.43	0.50	0.46	0.48	0.52	0.54	0.46	0.48	0.50
qN_L4	0.61	0.57	0.63	0.54	0.59	0.54	0.57	0.60	0.63	0.57	0.58	0.60
qN_Lss	0.65	0.61	0.67	0.60	0.64	0.58	0.60	0.63	0.67	0.60	0.61	0.65
qN_D1	0.20	0.21	0.24	0.21	0.25	0.28	0.19	0.25	0.24	0.22	0.19	0.18
qN_D2	0.15	0.14	0.18	0.15	0.21	0.21	0.15	0.20	0.19	0.16	0.14	0.14
qN_D3	0.14	0.14	0.17	0.13	0.21	0.20	0.13	0.19	0.18	0.15	0.12	0.14
qP_L1	0.04	0.05	0.01	0.02	-0.01	0.01	0.03	0.01	0.00	0.04	0.07	0.01
qP_L2	0.01	-0.00	0.00	0.02	0.01	-0.03	-0.01	-0.01	0.01	0.03	0.00	-0.03
qP_L3	0.01	0.01	0.04	0.05	0.02	0.05	-0.02	0.04	0.06	0.06	0.01	0.02
qP_L4	0.04	0.01	0.03	0.03	0.04	0.08	-0.02	0.07	0.04	0.08	0.05	0.07
qP_Lss	0.05	0.04	0.03	0.03	0.02	0.09	0.01	0.09	0.05	0.09	0.09	0.02
qP_D1	0.97	0.96	0.95	0.96	0.97	0.94	0.97	0.97	0.96	0.96	0.97	0.96
qP_D2	0.96	0.96	0.96	0.96	0.96	0.96	0.96	0.96	0.96	0.96	0.96	0.97
qP_D3	0.96	0.96	0.96	0.96	0.97	0.96	0.97	0.96	0.96	0.96	0.96	0.97
qL_L1	0.19	0.28	-0.06	0.01	-0.18	-0.06	-0.08	-0.02	-0.06	0.16	0.32	-0.02
qL_L2	-0.09	-0.17	-0.11	-0.02	-0.12	-0.37	-0.49	-0.18	-0.04	0.02	-0.28	-0.30
qL_L3	-0.12	-0.16	0.04	0.07	-0.11	0.09	-0.56	0.00	0.13	0.18	-0.27	-0.05
qL_L4	-0.02	-0.20	-0.05	-0.09	-0.06	0.15	-0.64	0.08	-0.00	0.13	-0.16	0.12
qL_Lss	-0.01	-0.08	-0.08	-0.14	-0.20	0.16	-0.42	0.12	0.01	0.17	-0.00	-0.10
qL_D1	1.16	1.22	1.19	1.20	1.14	1.23	1.19	1.15	1.15	1.21	1.18	1.17
qL_D2	1.18	1.24	1.19	1.24	1.17	1.20	1.23	1.17	1.19	1.20	1.24	1.15
qL_D3	1.20	1.25	1.17	1.22	1.16	1.21	1.21	1.18	1.18	1.22	1.23	1.13
Rfd_L1	0.20	0.22	0.19	0.21	0.21	0.20	0.28	0.22	0.19	0.23	0.29	0.18
Rfd_L2	0.58	0.57	0.77	0.53	0.65	0.50	0.69	0.77	0.74	0.55	0.66	0.50
Rfd_L3	1.04	0.95	1.19	0.91	1.05	0.94	1.12	1.14	1.16	0.96	1.06	0.98
Rfd_L4	1.55	1.32	1.53	1.29	1.48	1.29	1.57	1.56	1.55	1.41	1.61	1.53
Rfd_Lss	1.81	1.59	1.81	1.56	1.74	1.49	1.84	1.80	1.85	1.63	1.88	1.66
