FluorCam7 Numeric Export File
-----------------------------------
	Area 1	Area 2	Area 3	Area 4	Area 5	Area 6	Area 7	Area 8	Area 9	Area 10	Area 11	Area 12
Size [pixels]	2643	1446	1584	4049	1928	793	463	676	786	407	243	428
Fo	74.81	107.83	96.77	51.61	68.26	59.61	51.78	38.41	89.99	82.69	59.95	80.65
Fo_gauss	74.81	107.83	96.77	51.61	68.26	59.61	51.78	38.41	89.99	82.69	59.95	80.65
Fo_median	60.69	91.46	82.85	39.63	55.06	47.02	40.04	26.98	75.81	66.77	46.05	64.89
Fm	621.21	839.50	760.85	453.47	568.00	486.81	461.24	341.64	706.98	618.10	486.54	620.59
Fv	546.40	731.66	664.08	401.86	499.74	427.20	409.46	303.24	616.99	535.42	426.59	539.94
Fp	654.02	865.23	792.90	494.72	600.65	532.19	490.34	369.79	731.57	641.56	518.58	649.19
Fp-median	597.46	804.79	739.42	444.48	551.11	481.97	443.28	336.60	675.83	577.24	462.05	593.68
Fp-gauss	795.22	1017.09	936.15	632.69	731.47	668.01	618.92	478.44	875.74	783.35	663.30	787.81
Fp-average	702.71	918.83	843.72	543.96	646.99	579.05	536.08	409.19	782.49	692.01	575.47	700.53
Fm_L1	553.02	730.48	677.29	403.00	516.18	447.07	410.18	306.44	617.27	530.61	415.59	555.70
Fm_L2	401.73	469.89	453.93	302.42	371.80	338.64	304.70	258.27	402.00	370.80	273.62	375.62
Fm_L3	335.07	401.69	350.24	253.31	292.29	283.05	243.06	207.38	318.10	289.94	227.19	301.71
Fm_L4	286.18	343.02	282.26	217.95	245.77	240.73	207.41	170.22	265.90	240.22	197.40	261.16
Fm_Lss	261.08	305.72	251.03	200.42	220.86	226.16	183.58	154.87	239.97	213.15	174.60	240.07
Fm_D1	486.94	668.56	607.08	343.18	468.77	371.26	375.98	288.04	556.07	469.89	370.02	506.85
Fm_D2	511.17	707.24	639.68	365.79	488.38	416.67	390.07	302.24	585.21	499.33	402.99	540.01
Fm_D3	514.02	715.63	645.79	371.89	492.69	425.39	389.30	302.19	591.02	504.79	410.40	545.18
Ft_L1	547.14	730.66	672.63	406.21	504.68	441.40	407.54	292.76	613.22	530.26	421.81	553.20
Ft_L2	398.29	466.20	451.85	296.53	368.45	333.52	307.79	243.08	408.33	370.29	266.87	372.89
Ft_L3	316.80	381.50	343.58	242.89	287.13	274.89	242.31	181.65	311.88	284.19	225.13	291.59
Ft_L4	273.79	324.81	275.60	209.83	233.27	238.89	201.63	130.53	254.38	234.64	187.62	249.06
Ft_Lss	248.57	287.56	244.48	192.42	204.50	224.21	172.27	104.90	226.86	205.40	178.21	224.38
Ft_D1	94.93	134.94	117.88	61.96	85.29	68.62	62.81	47.86	113.76	93.97	74.05	96.14
Ft_D2	95.70	132.80	122.23	64.32	87.59	77.35	65.37	46.46	112.02	94.13	78.57	100.47
Ft_D3	95.12	130.43	119.80	64.33	84.30	73.53	59.98	47.01	112.22	94.31	72.92	102.58
Fo_L1	73.68	105.74	95.26	50.83	67.40	58.92	51.03	37.89	88.31	80.80	58.65	79.37
Fo_L2	69.92	97.63	88.89	48.62	63.96	56.35	48.77	36.94	81.68	75.30	54.39	74.01
Fo_L3	67.45	94.19	83.85	46.98	60.93	54.43	46.62	35.51	77.37	71.24	52.02	70.47
Fo_L4	65.07	90.44	79.09	45.48	58.48	52.59	45.04	34.09	73.64	67.52	50.05	67.82
Fo_Lss	63.57	87.52	76.30	44.57	56.83	51.75	43.56	33.35	71.37	65.03	48.30	66.40
Fo_D1	72.30	104.28	93.67	49.65	66.49	57.29	50.41	37.55	86.76	79.12	57.50	78.23
Fo_D2	72.83	105.24	94.44	50.12	66.88	58.34	50.65	37.80	87.45	79.95	58.31	79.02
Fo_D3	72.90	105.43	94.57	50.25	66.98	58.53	50.71	37.81	87.56	80.10	58.49	79.09
Fv_L1	479.34	624.73	582.04	352.16	448.78	388.16	359.15	268.56	528.96	449.81	356.93	476.33
Fv_L2	331.80	372.26	365.04	253.80	307.84	282.30	255.93	221.33	320.32	295.50	219.23	301.61
Fv_L3	267.62	307.51	266.39	206.33	231.36	228.62	196.44	171.86	240.73	218.70	175.17	231.24
Fv_L4	221.11	252.58	203.17	172.47	187.29	188.14	162.37	136.13	192.26	172.71	147.35	193.34
Fv_Lss	197.51	218.20	174.73	155.85	164.03	174.41	140.02	121.52	168.60	148.12	126.30	173.68
Fv_D1	414.65	564.27	513.41	293.54	402.28	313.97	325.57	250.49	469.31	390.78	312.52	428.62
Fv_D2	438.33	602.00	545.24	315.67	421.49	358.33	339.41	264.45	497.76	419.37	344.68	460.99
Fv_D3	441.12	610.20	551.21	321.63	425.71	366.86	338.59	264.38	503.46	424.69	351.91	466.09
Fq_L1	5.88	-0.19	4.67	-3.22	11.50	5.67	2.64	13.68	4.05	0.35	-6.22	2.50
Fq_L2	3.44	3.69	2.08	5.90	3.35	5.13	-3.09	15.19	-6.34	0.51	6.75	2.73
Fq_L3	18.27	20.19	6.66	10.41	5.15	8.16	0.75	25.73	6.22	5.75	2.06	10.12
Fq_L4	12.39	18.21	6.66	8.12	12.50	1.84	5.78	39.70	11.52	5.59	9.78	12.09
Fq_Lss	12.51	18.16	6.55	8.00	16.36	1.95	11.31	49.97	13.11	7.75	-3.61	15.69
Fq_D1	392.01	533.62	489.20	281.23	383.48	302.64	313.17	240.18	442.31	375.93	295.97	410.70
Fq_D2	415.47	574.44	517.45	301.47	400.79	339.32	324.70	255.78	473.19	405.19	324.42	439.54
Fq_D3	418.90	585.20	525.99	307.56	408.38	351.86	329.32	255.18	478.80	410.48	337.48	442.61
QY_max	0.88	0.87	0.87	0.88	0.88	0.88	0.89	0.89	0.87	0.87	0.88	0.87
Fv/Fm_L1	0.87	0.85	0.86	0.87	0.87	0.87	0.87	0.88	0.86	0.85	0.86	0.86
Fv/Fm_L2	0.83	0.79	0.80	0.84	0.83	0.83	0.84	0.86	0.79	0.80	0.80	0.80
Fv/Fm_L3	0.80	0.76	0.76	0.81	0.79	0.80	0.80	0.83	0.75	0.75	0.76	0.76
Fv/Fm_L4	0.77	0.73	0.72	0.79	0.76	0.78	0.78	0.80	0.72	0.72	0.74	0.74
Fv/Fm_Lss	0.75	0.71	0.69	0.77	0.74	0.77	0.75	0.78	0.70	0.69	0.71	0.72
Fv/Fm_D1	0.85	0.84	0.84	0.85	0.86	0.84	0.86	0.87	0.84	0.83	0.84	0.85
Fv/Fm_D2	0.86	0.85	0.85	0.86	0.86	0.86	0.87	0.87	0.85	0.84	0.85	0.85
Fv/Fm_D3	0.86	0.85	0.85	0.86	0.86	0.86	0.87	0.87	0.85	0.84	0.85	0.85
QY_L1	-0.00	-0.01	0.00	-0.03	0.02	-0.00	-0.01	0.03	0.00	-0.01	-0.03	-0.00
QY_L2	-0.01	-0.00	-0.00	-0.01	-0.00	-0.00	-0.04	0.04	-0.03	-0.01	0.00	-0.01
QY_L3	0.03	0.04	0.01	0.01	0.00	0.00	-0.03	0.10	0.00	-0.01	-0.03	0.00
QY_L4	0.01	0.03	0.01	-0.01	0.03	-0.02	-0.01	0.20	0.02	-0.00	-0.00	0.01
QY_Lss	0.02	0.04	0.00	-0.01	0.05	-0.02	0.02	0.29	0.03	0.02	-0.06	0.04
QY_D1	0.80	0.80	0.80	0.82	0.82	0.81	0.83	0.83	0.79	0.80	0.80	0.81
QY_D2	0.81	0.81	0.81	0.82	0.82	0.81	0.83	0.84	0.81	0.81	0.80	0.81
QY_D3	0.81	0.82	0.81	0.82	0.83	0.82	0.84	0.84	0.81	0.82	0.82	0.81
NPQ_L1	0.14	0.16	0.13	0.15	0.11	0.10	0.15	0.13	0.16	0.17	0.19	0.13
NPQ_L2	0.55	0.80	0.69	0.54	0.54	0.47	0.56	0.35	0.79	0.68	0.83	0.66
NPQ_L3	0.88	1.12	1.20	0.86	0.98	0.76	0.96	0.69	1.26	1.18	1.23	1.11
NPQ_L4	1.21	1.50	1.74	1.17	1.37	1.09	1.32	1.07	1.73	1.65	1.60	1.46
NPQ_Lss	1.44	1.80	2.10	1.38	1.64	1.23	1.64	1.32	2.03	2.02	1.94	1.68
NPQ_D1	0.30	0.28	0.26	0.36	0.22	0.34	0.26	0.21	0.30	0.34	0.36	0.24
NPQ_D2	0.23	0.20	0.20	0.27	0.18	0.19	0.21	0.15	0.24	0.26	0.25	0.16
NPQ_D3	0.22	0.19	0.19	0.25	0.16	0.16	0.21	0.15	0.24	0.24	0.22	0.15
qN_L1	0.11	0.14	0.12	0.11	0.09	0.08	0.11	0.10	0.14	0.15	0.15	0.11
qN_L2	0.38	0.49	0.45	0.36	0.38	0.34	0.37	0.26	0.48	0.44	0.48	0.44
qN_L3	0.50	0.58	0.60	0.48	0.54	0.46	0.52	0.43	0.61	0.59	0.59	0.58
qN_L4	0.59	0.66	0.70	0.57	0.63	0.56	0.61	0.55	0.69	0.68	0.66	0.65
qN_Lss	0.64	0.71	0.74	0.61	0.67	0.59	0.66	0.60	0.73	0.73	0.71	0.69
qN_D1	0.24	0.23	0.22	0.26	0.19	0.26	0.20	0.16	0.24	0.27	0.26	0.20
qN_D2	0.19	0.18	0.18	0.20	0.15	0.15	0.17	0.12	0.19	0.21	0.18	0.14
qN_D3	0.18	0.17	0.17	0.19	0.14	0.13	0.17	0.12	0.19	0.20	0.17	0.13
qP_L1	-0.00	-0.01	0.00	-0.04	0.02	-0.00	-0.02	0.03	-0.00	-0.01	-0.04	-0.01
qP_L2	-0.01	-0.01	-0.01	-0.02	-0.01	-0.01	-0.05	0.04	-0.04	-0.02	-0.00	-0.01
qP_L3	0.04	0.04	0.00	-0.00	-0.00	-0.00	-0.04	0.11	-0.00	-0.02	-0.05	-0.00
qP_L4	0.01	0.04	0.00	-0.02	0.03	-0.04	-0.03	0.25	0.02	-0.02	-0.02	-0.01
qP_Lss	0.01	0.05	-0.00	-0.04	0.06	-0.04	0.01	0.36	0.04	0.01	-0.10	0.05
qP_D1	0.95	0.95	0.95	0.96	0.95	0.96	0.96	0.96	0.95	0.96	0.95	0.96
qP_D2	0.95	0.96	0.95	0.95	0.95	0.95	0.96	0.97	0.96	0.97	0.94	0.96
qP_D3	0.95	0.96	0.95	0.96	0.96	0.96	0.97	0.97	0.96	0.97	0.96	0.95
qL_L1	-0.20	-0.15	-0.08	-0.58	0.01	-0.19	-0.41	0.10	-0.11	-0.18	-0.48	-0.19
qL_L2	-0.26	-0.15	-0.15	-0.46	-0.24	-0.25	-0.69	-0.03	-0.36	-0.31	-0.41	-0.22
qL_L3	-0.07	0.05	-0.13	-0.40	-0.23	-0.32	-0.59	0.22	-0.19	-0.36	-0.65	-0.32
qL_L4	-0.23	-0.03	-0.17	-0.62	-0.12	-0.51	-0.69	0.61	-0.15	-0.41	-0.70	-0.32
qL_Lss	-0.28	0.02	-0.24	-0.80	-0.09	-0.56	-0.43	0.78	-0.14	-0.26	-0.92	-0.11
qL_D1	1.24	1.22	1.20	1.19	1.23	1.15	1.22	1.28	1.23	1.15	1.22	1.19
qL_D2	1.26	1.20	1.23	1.24	1.25	1.26	1.27	1.24	1.21	1.15	1.28	1.23
qL_D3	1.25	1.19	1.21	1.23	1.21	1.21	1.17	1.24	1.22	1.15	1.19	1.25
Rfd_L1	0.23	0.20	0.19	0.26	0.21	0.23	0.23	0.30	0.21	0.24	0.26	0.20
Rfd_L2	0.68	0.91	0.78	0.75	0.67	0.65	0.65	0.58	0.83	0.81	1.06	0.78
Rfd_L3	1.14	1.32	1.36	1.17	1.17	1.03	1.14	1.17	1.43	1.36	1.49	1.35
Rfd_L4	1.49	1.74	1.97	1.57	1.72	1.34	1.63	2.21	2.05	1.95	2.11	1.75
Rfd_Lss	1.77	2.13	2.39	1.92	2.19	1.53	2.14	3.33	2.43	2.44	2.32	2.18
