FluorCam7 Numeric Export File
-----------------------------------
	Area 1	Area 2	Area 3	Area 4	Area 5	Area 6	Area 7	Area 8	Area 9	Area 10	Area 11	Area 12	Area 13
Size [pixels]	3715	1970	2826	1046	300	1425	1667	738	665	1106	409	471	738
Fo	96.48	80.55	92.54	55.24	28.91	54.58	58.72	63.94	68.83	75.78	55.65	64.44	122.64
Fo_gauss	96.48	80.55	92.54	55.24	28.91	54.58	58.72	63.94	68.83	75.78	55.65	64.44	122.64
Fo_median	82.50	66.71	78.56	43.13	19.98	42.90	46.41	51.60	55.49	62.48	43.36	51.05	107.06
Fm	789.28	674.25	754.43	490.71	286.23	489.66	516.89	522.41	568.36	611.59	448.01	536.70	909.22
Fv	692.81	593.70	661.89	435.47	257.32	435.08	458.17	458.47	499.52	535.81	392.37	472.26	786.58
Fp	820.57	705.49	778.70	513.01	295.21	507.49	544.04	553.80	610.83	644.25	476.71	559.96	930.82
Fp-median	762.46	649.91	722.56	466.76	253.70	461.97	497.35	507.19	559.78	591.10	429.38	507.95	870.78
Fp-gauss	972.81	846.62	924.25	632.80	404.59	629.50	666.24	680.09	745.08	784.25	604.28	692.66	1085.55
Fp-average	873.43	754.27	829.01	556.22	332.75	550.23	586.88	598.54	660.11	693.45	521.92	607.42	988.38
Fm_L1	720.94	601.10	652.07	448.63	237.76	451.10	476.22	474.03	525.91	547.26	412.53	492.01	795.47
Fm_L2	505.03	427.30	431.50	342.08	179.38	341.21	353.58	320.03	370.59	385.06	315.60	364.94	518.39
Fm_L3	420.38	344.11	346.25	261.15	145.04	271.24	283.56	241.65	307.05	312.48	230.62	288.98	435.37
Fm_L4	362.11	282.91	277.31	209.85	125.91	224.76	232.76	196.17	259.87	259.37	184.46	240.56	369.41
Fm_Lss	325.71	251.73	243.14	184.27	108.79	199.46	208.34	177.01	237.27	225.49	164.51	218.68	330.89
Fm_D1	646.50	542.88	605.88	415.19	210.75	405.24	416.32	429.17	434.29	485.03	379.78	429.33	751.32
Fm_D2	671.19	567.45	631.06	427.98	228.19	433.54	452.16	452.46	489.24	517.96	400.44	452.47	784.50
Fm_D3	674.82	574.69	630.48	428.59	224.01	432.83	453.65	451.33	503.06	527.11	403.25	450.78	782.89
Ft_L1	707.65	599.32	654.85	437.00	237.91	426.53	459.83	459.34	519.58	539.73	395.35	470.77	791.17
Ft_L2	514.52	423.69	423.51	346.24	190.50	340.94	353.50	325.09	368.79	380.75	313.21	365.33	513.79
Ft_L3	403.02	328.37	335.10	254.18	147.23	266.69	277.33	245.26	298.80	299.43	230.47	287.31	421.12
Ft_L4	333.80	269.08	271.05	192.76	116.46	207.30	217.33	192.63	251.41	247.21	179.63	232.70	348.90
Ft_Lss	299.92	238.79	236.23	160.89	96.32	177.07	188.58	165.04	223.92	215.74	154.95	205.70	315.00
Ft_D1	122.37	100.08	116.39	71.17	33.87	70.08	70.98	78.47	81.17	92.78	71.30	81.56	150.73
Ft_D2	123.68	103.59	116.11	70.30	37.13	71.67	76.42	79.37	89.69	93.84	72.76	81.60	151.74
Ft_D3	120.37	99.80	112.92	68.48	34.37	68.04	74.38	75.39	86.60	94.62	64.13	78.38	148.60
Fo_L1	95.34	79.36	90.75	54.61	28.19	54.03	58.14	63.09	68.14	74.66	55.02	63.67	120.25
Fo_L2	90.01	75.10	84.50	52.49	27.00	51.87	55.60	59.05	64.39	70.39	52.68	60.78	111.09
Fo_L3	86.79	71.93	80.44	49.90	25.86	49.78	53.38	55.52	62.00	67.39	49.36	58.10	106.56
Fo_L4	83.88	68.64	75.80	47.53	25.08	47.79	51.11	52.55	59.63	64.31	46.60	55.64	101.99
Fo_Lss	81.66	66.50	72.89	45.95	24.18	46.40	49.71	50.86	58.34	61.84	45.12	54.25	98.65
Fo_D1	93.88	78.21	89.74	54.05	27.75	53.26	57.07	62.00	66.17	73.28	54.32	62.34	119.13
Fo_D2	94.40	78.71	90.30	54.28	28.03	53.74	57.75	62.54	67.42	74.04	54.70	62.84	119.99
Fo_D3	94.47	78.83	90.27	54.28	28.00	53.74	57.77	62.48	67.70	74.24	54.78	62.81	119.91
Fv_L1	625.60	521.74	561.32	394.02	209.57	397.07	418.08	410.94	457.77	472.59	357.51	428.34	675.22
Fv_L2	415.03	352.20	347.01	289.59	152.37	289.34	297.98	260.98	306.21	314.67	262.92	304.16	407.30
Fv_L3	333.59	272.18	265.81	211.25	119.17	221.45	230.18	186.13	245.06	245.09	181.26	230.88	328.80
Fv_L4	278.23	214.26	201.50	162.32	100.82	176.98	181.65	143.62	200.25	195.07	137.87	184.91	267.43
Fv_Lss	244.05	185.23	170.25	138.32	84.61	153.05	158.62	126.15	178.93	163.64	119.39	164.42	232.24
Fv_D1	552.62	464.67	516.14	361.14	183.00	351.99	359.25	367.17	368.12	411.74	325.47	366.99	632.19
Fv_D2	576.79	488.74	540.77	373.70	200.16	379.80	394.41	389.92	421.82	443.92	345.74	389.63	664.51
Fv_D3	580.35	495.86	540.21	374.31	196.01	379.09	395.88	388.85	435.36	452.87	348.47	387.97	662.98
Fq_L1	13.30	1.78	-2.78	11.63	-0.15	24.57	16.39	14.70	6.34	7.52	17.18	21.25	4.30
Fq_L2	-9.49	3.61	8.00	-4.17	-11.12	0.27	0.08	-5.05	1.80	4.31	2.39	-0.39	4.60
Fq_L3	17.36	15.73	11.15	6.97	-2.19	4.55	6.23	-3.61	8.25	13.05	0.16	1.66	14.25
Fq_L4	28.31	13.82	6.26	17.09	9.45	17.46	15.44	3.54	8.46	12.16	4.83	7.86	20.51
Fq_Lss	25.80	12.94	6.91	23.38	12.48	22.39	19.76	11.97	13.35	9.75	9.56	12.98	15.89
Fq_D1	524.13	442.80	489.49	344.02	176.88	335.16	345.33	350.70	353.12	392.24	308.49	347.77	600.59
Fq_D2	547.51	463.87	514.95	357.68	191.06	361.87	375.74	373.09	399.55	424.11	327.68	370.87	632.76
Fq_D3	554.45	474.89	517.56	360.11	189.64	364.79	379.27	375.94	416.46	432.49	339.12	372.41	634.29
QY_max	0.88	0.88	0.88	0.89	0.90	0.89	0.89	0.88	0.88	0.88	0.87	0.88	0.86
Fv/Fm_L1	0.87	0.87	0.86	0.88	0.88	0.88	0.88	0.87	0.87	0.86	0.87	0.87	0.85
Fv/Fm_L2	0.82	0.82	0.80	0.85	0.84	0.85	0.84	0.81	0.83	0.82	0.83	0.83	0.79
Fv/Fm_L3	0.79	0.79	0.77	0.81	0.81	0.81	0.81	0.77	0.80	0.78	0.78	0.80	0.75
Fv/Fm_L4	0.77	0.75	0.72	0.77	0.79	0.78	0.78	0.73	0.77	0.75	0.74	0.76	0.72
Fv/Fm_Lss	0.75	0.73	0.70	0.75	0.76	0.76	0.76	0.70	0.75	0.72	0.72	0.75	0.70
Fv/Fm_D1	0.85	0.85	0.85	0.87	0.86	0.87	0.86	0.85	0.85	0.85	0.85	0.85	0.84
Fv/Fm_D2	0.86	0.86	0.86	0.87	0.87	0.88	0.87	0.86	0.86	0.86	0.86	0.86	0.85
Fv/Fm_D3	0.86	0.86	0.86	0.87	0.87	0.88	0.87	0.86	0.86	0.86	0.86	0.86	0.85
QY_L1	0.01	-0.00	-0.01	0.02	-0.03	0.04	0.03	0.02	0.00	0.01	0.03	0.04	0.00
QY_L2	-0.03	-0.00	0.01	-0.03	-0.11	-0.02	-0.01	-0.03	-0.01	-0.00	-0.01	-0.02	0.00
QY_L3	0.03	0.03	0.02	0.01	-0.08	-0.00	0.00	-0.04	0.00	0.02	-0.03	-0.02	0.02
QY_L4	0.06	0.03	0.00	0.06	0.00	0.06	0.04	-0.02	0.01	0.02	-0.01	0.01	0.05
QY_Lss	0.06	0.03	0.00	0.10	0.03	0.10	0.07	0.04	0.03	0.01	0.01	0.04	0.03
QY_D1	0.81	0.82	0.81	0.83	0.83	0.83	0.83	0.81	0.81	0.81	0.81	0.81	0.80
QY_D2	0.81	0.82	0.82	0.84	0.83	0.83	0.83	0.82	0.82	0.82	0.81	0.82	0.81
QY_D3	0.82	0.82	0.82	0.84	0.84	0.84	0.84	0.83	0.83	0.82	0.84	0.82	0.81
NPQ_L1	0.10	0.13	0.17	0.11	0.24	0.10	0.10	0.11	0.09	0.13	0.10	0.11	0.15
NPQ_L2	0.58	0.61	0.77	0.46	0.67	0.47	0.48	0.66	0.56	0.61	0.45	0.51	0.77
NPQ_L3	0.90	0.99	1.21	0.92	1.10	0.85	0.85	1.23	0.89	0.99	1.00	0.92	1.11
NPQ_L4	1.22	1.44	1.78	1.40	1.46	1.24	1.28	1.77	1.23	1.41	1.54	1.32	1.49
NPQ_Lss	1.47	1.76	2.18	1.76	1.88	1.52	1.55	2.08	1.46	1.79	1.87	1.56	1.80
NPQ_D1	0.24	0.26	0.26	0.20	0.41	0.23	0.26	0.26	0.32	0.28	0.21	0.30	0.22
NPQ_D2	0.19	0.20	0.21	0.17	0.30	0.15	0.16	0.19	0.17	0.19	0.14	0.24	0.17
NPQ_D3	0.18	0.19	0.21	0.17	0.32	0.15	0.15	0.20	0.14	0.17	0.14	0.25	0.17
qN_L1	0.09	0.12	0.15	0.09	0.17	0.08	0.08	0.10	0.07	0.11	0.08	0.09	0.14
qN_L2	0.40	0.41	0.48	0.34	0.40	0.34	0.35	0.43	0.38	0.41	0.33	0.36	0.49
qN_L3	0.52	0.54	0.60	0.52	0.53	0.49	0.50	0.60	0.51	0.54	0.54	0.51	0.59
qN_L4	0.60	0.64	0.70	0.63	0.60	0.60	0.60	0.69	0.60	0.64	0.65	0.61	0.67
qN_Lss	0.65	0.69	0.75	0.69	0.67	0.65	0.66	0.73	0.64	0.70	0.70	0.65	0.71
qN_D1	0.20	0.21	0.22	0.17	0.28	0.19	0.21	0.19	0.26	0.22	0.16	0.23	0.19
qN_D2	0.17	0.17	0.18	0.14	0.21	0.13	0.13	0.14	0.15	0.16	0.10	0.18	0.15
qN_D3	0.16	0.16	0.18	0.14	0.22	0.13	0.13	0.14	0.12	0.15	0.10	0.19	0.15
qP_L1	0.01	-0.01	-0.01	0.02	-0.05	0.05	0.03	0.02	0.00	0.01	0.03	0.04	-0.00
qP_L2	-0.04	-0.01	0.01	-0.03	-0.14	-0.03	-0.02	-0.04	-0.01	-0.01	-0.02	-0.03	0.00
qP_L3	0.03	0.04	0.02	0.01	-0.12	-0.01	0.00	-0.07	-0.00	0.03	-0.04	-0.03	0.02
qP_L4	0.08	0.03	-0.01	0.07	-0.02	0.06	0.05	-0.04	0.01	0.02	-0.03	0.01	0.06
qP_Lss	0.08	0.03	-0.00	0.13	-0.00	0.12	0.09	0.03	0.03	0.00	-0.01	0.04	0.04
qP_D1	0.95	0.95	0.95	0.95	0.96	0.95	0.96	0.96	0.96	0.95	0.95	0.95	0.95
qP_D2	0.95	0.95	0.95	0.96	0.96	0.95	0.95	0.96	0.95	0.96	0.95	0.96	0.95
qP_D3	0.96	0.96	0.96	0.96	0.97	0.96	0.96	0.97	0.96	0.96	0.98	0.96	0.96
qL_L1	0.01	-0.15	-0.19	-0.01	-0.97	0.19	0.10	0.06	-0.10	-0.09	0.04	0.16	-0.06
qL_L2	-0.36	-0.19	-0.08	-0.44	-1.74	-0.44	-0.30	-0.44	-0.25	-0.22	-0.34	-0.37	-0.10
qL_L3	0.02	-0.01	-0.08	-0.22	-1.41	-0.36	-0.23	-0.60	-0.27	-0.09	-0.51	-0.50	-0.01
qL_L4	0.15	-0.08	-0.24	-0.05	-1.13	-0.03	-0.05	-0.54	-0.20	-0.16	-0.47	-0.28	0.07
qL_Lss	0.10	-0.16	-0.26	0.07	-1.32	0.12	0.03	-0.31	-0.18	-0.33	-0.63	-0.24	-0.03
qL_D1	1.24	1.22	1.23	1.27	1.18	1.28	1.21	1.22	1.19	1.21	1.26	1.22	1.20
qL_D2	1.25	1.25	1.23	1.25	1.30	1.30	1.28	1.22	1.28	1.21	1.27	1.23	1.21
qL_D3	1.22	1.22	1.20	1.22	1.22	1.24	1.25	1.17	1.24	1.22	1.15	1.19	1.19
Rfd_L1	0.17	0.19	0.20	0.20	0.30	0.22	0.21	0.23	0.19	0.22	0.23	0.23	0.19
Rfd_L2	0.62	0.70	0.88	0.53	0.66	0.53	0.57	0.75	0.70	0.73	0.57	0.59	0.84
Rfd_L3	1.08	1.21	1.39	1.12	1.21	1.00	1.03	1.37	1.11	1.23	1.19	1.04	1.25
Rfd_L4	1.53	1.74	1.99	1.92	2.09	1.64	1.64	2.10	1.57	1.72	1.87	1.65	1.74
Rfd_Lss	1.84	2.11	2.47	2.71	3.31	2.25	2.16	2.73	1.88	2.19	2.45	1.99	2.04
