FluorCam7 Numeric Export File
-----------------------------------
	Area 1	Area 2	Area 3	Area 4	Area 5	Area 6	Area 7	Area 8	Area 9	Area 10
Size [pixels]	2057	1160	933	1858	692	1116	917	961	620	2078
Fo	73.82	47.16	83.12	73.40	46.82	56.93	91.12	44.88	49.04	59.59
Fo_gauss	73.82	47.16	83.12	73.40	46.82	56.93	91.12	44.88	49.04	59.59
Fo_median	57.68	34.74	65.92	56.97	33.18	42.66	74.70	32.76	35.91	45.96
Fm	589.03	403.78	646.44	582.16	388.56	484.96	695.57	403.09	427.17	499.90
Fv	515.20	356.62	563.32	508.76	341.74	428.03	604.45	358.22	378.14	440.31
Fp	617.40	434.33	671.15	610.86	411.17	499.07	720.87	416.10	447.78	521.95
Fp-median	557.05	383.73	605.64	549.26	354.89	443.08	655.85	369.64	402.17	470.86
Fp-gauss	758.94	572.18	823.56	754.27	552.92	633.38	870.33	538.74	566.59	648.49
Fp-average	671.00	487.38	731.43	665.37	470.81	551.22	777.01	462.73	492.99	568.50
Fm_L1	522.25	349.67	563.52	503.63	332.47	425.11	612.33	351.05	380.91	439.80
Fm_L2	357.51	255.61	376.16	353.50	224.93	337.77	428.25	259.80	306.58	304.60
Fm_L3	304.67	226.37	323.47	305.01	196.45	281.15	358.62	220.12	262.19	256.58
Fm_L4	256.24	194.55	282.19	260.54	165.50	237.87	309.02	189.29	222.02	214.42
Fm_Lss	236.35	180.42	253.26	241.39	151.40	218.43	285.27	177.36	205.14	197.65
Fm_D1	475.76	318.60	484.21	447.25	313.53	369.89	554.76	326.20	347.14	410.14
Fm_D2	491.49	330.39	510.47	467.38	319.04	392.81	587.12	334.59	361.34	422.59
Fm_D3	492.23	336.07	513.50	470.90	325.22	395.32	597.01	340.20	366.08	427.34
Ft_L1	516.50	347.69	565.07	501.28	333.26	416.56	611.89	335.82	364.12	426.71
Ft_L2	356.18	248.58	385.50	347.79	224.54	329.07	423.83	256.68	296.78	297.79
Ft_L3	302.27	218.97	316.24	297.12	190.00	273.39	351.64	218.83	242.10	250.42
Ft_L4	251.76	191.05	266.62	251.71	169.04	229.37	298.61	178.50	196.62	201.11
Ft_Lss	226.55	174.98	246.20	227.76	148.16	206.37	271.72	161.54	173.36	176.44
Ft_D1	85.93	54.82	97.26	84.23	56.62	66.53	112.34	54.99	60.16	71.23
Ft_D2	88.50	55.43	96.35	87.73	54.40	69.88	112.64	59.37	61.48	71.77
Ft_D3	86.47	54.45	96.66	87.45	57.35	69.84	110.40	58.71	60.94	73.14
Fo_L1	72.62	46.24	81.52	71.91	45.79	55.96	89.44	44.09	48.33	58.58
Fo_L2	68.01	43.88	75.74	67.57	42.67	53.92	83.75	42.03	46.73	55.08
Fo_L3	65.69	42.86	73.18	65.44	41.39	52.11	80.63	40.69	45.46	53.16
Fo_L4	62.92	41.38	70.73	62.96	39.54	50.27	77.67	39.38	43.95	50.88
Fo_Lss	61.46	40.69	68.51	61.59	38.60	49.25	75.92	38.77	43.22	49.82
Fo_D1	71.45	45.63	79.34	70.32	45.24	54.77	88.10	43.60	47.68	57.95
Fo_D2	71.81	45.86	80.10	70.82	45.42	55.31	88.90	43.78	47.96	58.24
Fo_D3	71.86	46.01	80.12	70.89	45.57	55.33	89.14	43.88	48.07	58.31
Fv_L1	449.63	303.43	482.00	431.72	286.68	369.15	522.89	306.96	332.58	381.22
Fv_L2	289.51	211.73	300.42	285.93	182.26	283.85	344.49	217.77	259.84	249.53
Fv_L3	238.98	183.51	250.30	239.58	155.05	229.04	277.99	179.44	216.73	203.42
Fv_L4	193.33	153.16	211.46	197.58	125.96	187.60	231.34	149.91	178.07	163.55
Fv_Lss	174.89	139.73	184.74	179.79	112.80	169.18	209.35	138.59	161.92	147.82
Fv_D1	404.31	272.97	404.87	376.93	268.29	315.12	466.66	282.60	299.46	352.19
Fv_D2	419.68	284.53	430.37	396.56	273.62	337.50	498.22	290.81	313.38	364.35
Fv_D3	420.36	290.07	433.38	400.01	279.64	340.00	507.87	296.32	318.01	369.03
Fq_L1	5.75	1.97	-1.55	2.34	-0.79	8.56	0.44	15.23	16.79	13.10
Fq_L2	1.33	7.03	-9.34	5.71	0.39	8.70	4.41	3.13	9.80	6.81
Fq_L3	2.41	7.41	7.23	7.89	6.45	7.75	6.98	1.30	20.08	6.16
Fq_L4	4.49	3.50	15.57	8.83	-3.54	8.49	10.41	10.79	25.40	13.31
Fq_Lss	9.80	5.44	7.06	13.62	3.24	12.06	13.55	15.82	31.78	21.21
Fq_D1	389.83	263.78	386.95	363.01	256.91	303.36	442.43	271.21	286.99	338.91
Fq_D2	402.99	274.96	414.12	379.64	264.64	322.94	474.48	275.22	299.86	350.82
Fq_D3	405.76	281.63	416.84	383.45	267.86	325.48	486.60	281.49	305.14	354.20
QY_max	0.87	0.88	0.87	0.87	0.88	0.88	0.87	0.89	0.88	0.88
Fv/Fm_L1	0.86	0.87	0.86	0.86	0.86	0.87	0.86	0.87	0.87	0.87
Fv/Fm_L2	0.81	0.82	0.80	0.81	0.80	0.84	0.81	0.84	0.85	0.82
Fv/Fm_L3	0.78	0.81	0.77	0.78	0.78	0.81	0.78	0.81	0.82	0.79
Fv/Fm_L4	0.75	0.78	0.75	0.75	0.75	0.79	0.75	0.79	0.80	0.76
Fv/Fm_Lss	0.73	0.77	0.72	0.74	0.73	0.77	0.73	0.78	0.78	0.74
Fv/Fm_D1	0.85	0.85	0.83	0.84	0.85	0.85	0.84	0.86	0.86	0.86
Fv/Fm_D2	0.85	0.86	0.84	0.84	0.85	0.86	0.85	0.87	0.87	0.86
Fv/Fm_D3	0.85	0.86	0.84	0.84	0.86	0.86	0.85	0.87	0.87	0.86
QY_L1	-0.00	-0.01	-0.01	-0.01	-0.03	0.01	-0.01	0.03	0.04	0.02
QY_L2	-0.01	-0.01	-0.04	0.00	-0.04	0.00	-0.01	-0.02	0.02	0.00
QY_L3	-0.01	-0.00	0.01	0.01	-0.02	0.00	-0.00	-0.03	0.06	0.00
QY_L4	-0.00	-0.02	0.03	0.01	-0.12	0.01	0.01	0.01	0.09	0.03
QY_Lss	0.01	-0.02	-0.01	0.03	-0.05	0.02	0.02	0.04	0.14	0.08
QY_D1	0.82	0.82	0.80	0.80	0.81	0.82	0.80	0.83	0.82	0.83
QY_D2	0.82	0.83	0.81	0.81	0.82	0.82	0.81	0.82	0.83	0.83
QY_D3	0.82	0.84	0.81	0.81	0.82	0.82	0.82	0.82	0.83	0.83
NPQ_L1	0.14	0.19	0.16	0.17	0.21	0.17	0.15	0.17	0.13	0.15
NPQ_L2	0.67	0.64	0.75	0.69	0.82	0.48	0.64	0.60	0.41	0.68
NPQ_L3	0.97	0.86	1.06	0.97	1.11	0.79	0.98	0.90	0.66	0.99
NPQ_L4	1.37	1.19	1.37	1.35	1.68	1.13	1.31	1.24	0.98	1.43
NPQ_Lss	1.63	1.38	1.75	1.60	1.83	1.35	1.54	1.38	1.14	1.63
NPQ_D1	0.29	0.31	0.44	0.53	0.34	0.36	0.28	0.27	0.25	0.25
NPQ_D2	0.25	0.26	0.35	0.36	0.33	0.27	0.21	0.23	0.20	0.20
NPQ_D3	0.24	0.23	0.35	0.37	0.27	0.26	0.19	0.21	0.18	0.19
qN_L1	0.12	0.14	0.14	0.15	0.16	0.13	0.13	0.14	0.11	0.13
qN_L2	0.44	0.40	0.46	0.44	0.47	0.33	0.42	0.39	0.31	0.43
qN_L3	0.54	0.48	0.56	0.53	0.55	0.46	0.54	0.50	0.43	0.54
qN_L4	0.63	0.57	0.63	0.62	0.63	0.56	0.62	0.58	0.53	0.63
qN_Lss	0.67	0.61	0.68	0.65	0.67	0.61	0.65	0.62	0.58	0.67
qN_D1	0.22	0.23	0.29	0.26	0.21	0.26	0.23	0.21	0.20	0.20
qN_D2	0.18	0.19	0.24	0.22	0.19	0.21	0.18	0.18	0.17	0.17
qN_D3	0.18	0.17	0.23	0.21	0.17	0.20	0.16	0.17	0.15	0.16
qP_L1	-0.00	-0.02	-0.02	-0.01	-0.05	0.00	-0.01	0.03	0.04	0.02
qP_L2	-0.02	-0.02	-0.05	-0.00	-0.06	0.00	-0.01	-0.03	0.02	0.00
qP_L3	-0.02	-0.01	-0.00	0.00	-0.05	-0.01	-0.01	-0.05	0.07	-0.00
qP_L4	-0.01	-0.05	0.03	0.01	-0.43	-0.00	0.01	0.00	0.11	0.02
qP_Lss	-0.00	-0.04	-0.05	0.02	-0.13	0.00	0.01	0.04	0.17	0.09
qP_D1	0.97	0.97	0.96	0.90	0.96	0.96	0.95	0.96	0.96	0.96
qP_D2	0.97	0.97	0.97	0.97	0.97	0.96	0.95	0.95	0.96	0.96
qP_D3	0.97	0.97	0.97	0.97	0.96	0.96	0.96	0.95	0.96	0.96
qL_L1	-0.16	-0.53	-0.26	-0.19	-0.69	-0.19	-0.19	-0.03	0.15	-0.01
qL_L2	-0.26	-0.48	-0.45	-0.21	-0.79	-0.30	-0.28	-0.54	-0.09	-0.25
qL_L3	-0.27	-0.53	-0.24	-0.22	-0.87	-0.37	-0.25	-0.72	0.20	-0.32
qL_L4	-0.31	-0.72	-0.18	-0.24	-6.37	-0.43	-0.23	-0.54	0.17	-0.34
qL_Lss	-0.33	-0.90	-0.91	-0.26	-1.63	-0.53	-0.22	-0.36	0.44	-0.07
qL_D1	1.16	1.17	1.15	0.37	1.19	1.18	1.21	1.23	1.24	1.19
qL_D2	1.18	1.17	1.14	1.18	1.15	1.22	1.21	1.31	1.26	1.21
qL_D3	1.15	1.16	1.16	1.17	1.21	1.20	1.19	1.31	1.24	1.22
Rfd_L1	0.22	0.30	0.22	0.25	0.29	0.24	0.20	0.28	0.26	0.25
Rfd_L2	0.78	0.85	0.80	0.82	1.05	0.60	0.73	0.76	0.56	0.82
Rfd_L3	1.12	1.13	1.24	1.35	1.44	0.95	1.12	1.04	0.94	1.20
Rfd_L4	1.59	1.55	1.72	1.59	1.88	1.42	1.56	1.55	1.48	1.83
Rfd_Lss	2.00	1.95	2.02	2.13	2.57	1.73	1.82	1.84	1.78	2.34
