FluorCam7 Numeric Export File
-----------------------------------
	Area 1	Area 2	Area 3	Area 4	Area 5	Area 6	Area 7	Area 8
Size [pixels]	1766	1633	2382	1188	730	1207	850	516
Fo	56.42	95.85	79.11	95.08	53.96	56.14	46.20	57.42
Fo_gauss	56.42	95.85	79.11	95.08	53.96	56.14	46.20	57.42
Fo_median	43.35	78.58	62.62	76.84	39.31	42.99	34.14	42.99
Fm	473.46	753.25	617.32	695.78	453.87	449.74	397.26	468.15
Fv	417.04	657.40	538.21	600.70	399.91	393.59	351.06	410.73
Fp	491.89	777.38	644.82	714.31	466.30	471.65	416.91	496.12
Fp-median	444.24	708.53	581.27	649.11	416.33	424.64	371.08	442.46
Fp-gauss	615.48	933.70	791.64	860.23	588.54	593.08	540.39	633.70
Fp-average	540.46	838.42	703.17	774.29	516.17	519.53	463.05	550.78
Fm_L1	420.46	647.29	526.41	595.93	393.86	391.98	347.88	414.11
Fm_L2	286.52	453.94	360.13	407.81	291.34	252.06	248.90	311.22
Fm_L3	242.09	397.34	312.42	352.86	252.29	224.85	213.93	269.13
Fm_L4	210.37	346.03	269.37	300.84	212.83	191.05	187.12	231.51
Fm_Lss	193.69	322.99	251.08	274.54	194.29	175.48	176.54	213.44
Fm_D1	380.27	560.15	470.39	555.04	372.11	381.50	319.75	367.08
Fm_D2	397.07	594.42	492.00	589.41	384.40	393.18	330.50	386.43
Fm_D3	404.03	602.54	495.39	593.59	389.75	392.72	337.23	392.62
Ft_L1	404.58	647.38	532.32	601.65	379.25	382.80	333.11	404.98
Ft_L2	286.98	455.78	352.35	399.64	287.15	253.15	252.79	302.05
Ft_L3	234.64	382.67	299.95	339.31	234.05	217.90	213.12	259.34
Ft_L4	191.99	326.17	257.89	285.07	188.18	175.18	179.56	224.88
Ft_Lss	171.22	302.64	239.48	258.55	165.06	156.19	165.57	204.37
Ft_D1	66.16	117.40	90.11	112.72	62.77	68.68	55.37	64.43
Ft_D2	70.01	117.78	96.82	114.15	68.07	69.16	58.23	69.20
Ft_D3	69.06	118.01	94.74	111.66	67.23	67.44	58.47	68.33
Fo_L1	55.52	93.84	77.34	92.90	52.93	55.07	45.41	56.48
Fo_L2	52.06	88.18	72.19	86.23	50.40	50.84	42.94	53.88
Fo_L3	50.27	85.73	69.87	83.42	48.95	49.47	41.68	52.31
Fo_L4	48.62	82.99	67.11	80.05	47.08	47.51	40.37	50.65
Fo_Lss	47.64	81.50	65.69	77.95	46.02	46.32	39.82	49.57
Fo_D1	54.71	91.73	75.39	91.78	52.52	54.82	44.86	55.40
Fo_D2	55.07	92.62	76.00	92.72	52.76	55.08	45.02	55.86
Fo_D3	55.21	92.83	76.08	92.83	52.89	55.06	45.21	56.01
Fv_L1	364.94	553.44	449.08	503.03	340.93	336.90	302.46	357.63
Fv_L2	234.46	365.76	287.94	321.57	240.94	201.23	205.96	257.34
Fv_L3	191.83	311.61	242.55	269.43	203.34	175.38	172.26	216.82
Fv_L4	161.75	263.04	202.27	220.79	165.74	143.54	146.75	180.86
Fv_Lss	146.04	241.49	185.40	196.59	148.26	129.16	136.72	163.87
Fv_D1	325.56	468.42	395.00	463.26	319.59	326.68	274.89	311.67
Fv_D2	342.00	501.80	416.00	496.69	331.63	338.10	285.47	330.57
Fv_D3	348.83	509.71	419.31	500.75	336.86	337.66	292.03	336.60
Fq_L1	15.87	-0.09	-5.90	-5.71	14.61	9.18	14.76	9.13
Fq_L2	-0.46	-1.84	7.78	8.16	4.18	-1.09	-3.88	9.17
Fq_L3	7.45	14.67	12.47	13.55	18.24	6.95	0.81	9.79
Fq_L4	18.38	19.86	11.49	15.77	24.64	15.87	7.57	6.63
Fq_Lss	22.46	20.35	11.61	16.00	29.23	19.28	10.97	9.07
Fq_D1	314.11	442.75	380.29	442.32	309.34	312.82	264.38	302.64
Fq_D2	327.06	476.64	395.19	475.26	316.32	324.01	272.26	317.23
Fq_D3	334.98	484.53	400.65	481.93	322.52	325.28	278.76	324.29
QY_max	0.88	0.87	0.87	0.86	0.88	0.88	0.88	0.88
Fv/Fm_L1	0.87	0.85	0.85	0.84	0.86	0.86	0.87	0.86
Fv/Fm_L2	0.82	0.80	0.80	0.79	0.83	0.80	0.82	0.82
Fv/Fm_L3	0.79	0.78	0.77	0.76	0.80	0.78	0.80	0.80
Fv/Fm_L4	0.76	0.76	0.74	0.73	0.77	0.75	0.78	0.78
Fv/Fm_Lss	0.75	0.74	0.72	0.71	0.76	0.73	0.77	0.76
Fv/Fm_D1	0.85	0.84	0.83	0.83	0.86	0.86	0.86	0.85
Fv/Fm_D2	0.86	0.84	0.83	0.84	0.86	0.86	0.86	0.85
Fv/Fm_D3	0.86	0.85	0.83	0.84	0.86	0.86	0.86	0.85
QY_L1	0.03	-0.01	-0.02	-0.01	0.03	0.01	0.03	0.00
QY_L2	-0.02	-0.02	0.01	0.01	-0.00	-0.02	-0.04	0.01
QY_L3	0.01	0.02	0.02	0.03	0.05	0.00	-0.03	0.01
QY_L4	0.06	0.04	0.01	0.03	0.10	0.06	0.00	0.00
QY_Lss	0.10	0.04	0.01	0.04	0.13	0.08	0.01	0.01
QY_D1	0.82	0.79	0.80	0.80	0.83	0.82	0.82	0.82
QY_D2	0.82	0.80	0.80	0.81	0.82	0.82	0.82	0.82
QY_D3	0.83	0.80	0.81	0.81	0.83	0.83	0.82	0.83
NPQ_L1	0.14	0.18	0.19	0.17	0.17	0.16	0.16	0.15
NPQ_L2	0.68	0.68	0.75	0.72	0.59	0.83	0.63	0.54
NPQ_L3	1.00	0.93	1.05	1.00	0.85	1.06	0.91	0.80
NPQ_L4	1.32	1.22	1.51	1.38	1.20	1.44	1.21	1.09
NPQ_Lss	1.52	1.40	1.83	1.60	1.42	1.68	1.36	1.30
NPQ_D1	0.27	0.36	0.53	0.27	0.24	0.20	0.27	0.32
NPQ_D2	0.21	0.29	0.45	0.19	0.20	0.16	0.22	0.26
NPQ_D3	0.19	0.27	0.44	0.18	0.19	0.16	0.20	0.23
qN_L1	0.12	0.16	0.16	0.16	0.14	0.14	0.12	0.12
qN_L2	0.44	0.44	0.47	0.46	0.40	0.49	0.41	0.37
qN_L3	0.54	0.53	0.55	0.55	0.49	0.56	0.51	0.47
qN_L4	0.62	0.61	0.63	0.63	0.59	0.64	0.58	0.56
qN_Lss	0.65	0.64	0.66	0.68	0.63	0.68	0.61	0.60
qN_D1	0.22	0.29	0.28	0.23	0.20	0.17	0.21	0.24
qN_D2	0.18	0.24	0.24	0.17	0.17	0.14	0.18	0.19
qN_D3	0.16	0.22	0.28	0.16	0.15	0.14	0.15	0.17
qP_L1	0.03	-0.01	-0.03	-0.02	0.03	0.01	0.03	0.00
qP_L2	-0.02	-0.02	0.01	0.01	-0.01	-0.03	-0.05	0.01
qP_L3	0.01	0.03	0.02	0.03	0.06	-0.01	-0.04	-0.00
qP_L4	0.08	0.05	0.01	0.03	0.13	0.07	-0.01	-0.01
qP_Lss	0.12	0.05	-0.05	0.05	0.17	0.09	-0.00	0.00
qP_D1	0.96	0.95	0.97	0.96	0.97	0.96	0.96	0.97
qP_D2	0.96	0.95	0.97	0.96	0.95	0.96	0.95	0.96
qP_D3	0.96	0.95	0.98	0.97	0.96	0.96	0.95	0.97
qL_L1	0.09	-0.22	-0.34	-0.23	0.07	-0.11	-0.04	-0.22
qL_L2	-0.36	-0.25	-0.17	-0.08	-0.28	-0.48	-0.68	-0.19
qL_L3	-0.25	-0.04	-0.11	-0.06	-0.04	-0.37	-0.67	-0.31
qL_L4	-0.05	0.03	-0.33	-0.28	0.13	-0.11	-0.46	-0.36
qL_Lss	0.09	-0.01	-0.79	-0.06	0.32	-0.16	-0.58	-0.37
qL_D1	1.18	1.21	1.10	1.16	1.18	1.22	1.20	1.11
qL_D2	1.23	1.21	1.20	1.18	1.26	1.21	1.27	1.18
qL_D3	1.21	1.21	1.18	1.16	1.23	1.20	1.27	1.18
Rfd_L1	0.24	0.22	0.24	0.21	0.26	0.26	0.29	0.26
Rfd_L2	0.77	0.74	0.94	0.82	0.68	0.95	0.72	0.69
Rfd_L3	1.20	1.08	1.43	1.18	1.10	1.29	1.07	1.00
Rfd_L4	1.79	1.46	1.92	1.63	1.72	1.93	1.62	1.36
Rfd_Lss	2.21	1.71	2.52	1.93	2.10	2.39	1.80	1.65
